0 0.00999993
1 0.00999987
2 0.0099998
3 0.00999974
4 0.00999967
5 0.00999961
6 0.00999954
7 0.00999947
8 0.00999941
9 0.00999934
10 0.00999928
11 0.00999921
12 0.00999914
13 0.00999908
14 0.00999901
15 0.00999895
16 0.00999888
17 0.00999882
18 0.00999875
19 0.00999868
20 0.00999862
21 0.00999855
22 0.00999849
23 0.00999842
24 0.00999836
25 0.00999829
26 0.00999822
27 0.00999816
28 0.00999809
29 0.00999803
30 0.00999796
31 0.00999789
32 0.00999783
33 0.00999776
34 0.0099977
35 0.00999763
36 0.00999757
37 0.0099975
38 0.00999743
39 0.00999737
40 0.0099973
41 0.00999724
42 0.00999717
43 0.00999711
44 0.00999704
45 0.00999697
46 0.00999691
47 0.00999684
48 0.00999678
49 0.00999671
50 0.00999664
51 0.00999658
52 0.00999651
53 0.00999645
54 0.00999638
55 0.00999632
56 0.00999625
57 0.00999618
58 0.00999612
59 0.00999605
60 0.00999599
61 0.00999592
62 0.00999586
63 0.00999579
64 0.00999572
65 0.00999566
66 0.00999559
67 0.00999553
68 0.00999546
69 0.0099954
70 0.00999533
71 0.00999526
72 0.0099952
73 0.00999513
74 0.00999507
75 0.009995
76 0.00999493
77 0.00999487
78 0.0099948
79 0.00999474
80 0.00999467
81 0.00999461
82 0.00999454
83 0.00999447
84 0.00999441
85 0.00999434
86 0.00999428
87 0.00999421
88 0.00999415
89 0.00999408
90 0.00999401
91 0.00999395
92 0.00999388
93 0.00999382
94 0.00999375
95 0.00999369
96 0.00999362
97 0.00999355
98 0.00999349
99 0.00999342
100 0.00999336
101 0.00999329
102 0.00999323
103 0.00999316
104 0.00999309
105 0.00999303
106 0.00999296
107 0.0099929
108 0.00999283
109 0.00999276
110 0.0099927
111 0.00999263
112 0.00999257
113 0.0099925
114 0.00999244
115 0.00999237
116 0.0099923
117 0.00999224
118 0.00999217
119 0.00999211
120 0.00999204
121 0.00999198
122 0.00999191
123 0.00999184
124 0.00999178
125 0.00999171
126 0.00999165
127 0.00999158
128 0.00999152
129 0.00999145
130 0.00999138
131 0.00999132
132 0.00999125
133 0.00999119
134 0.00999112
135 0.00999106
136 0.00999099
137 0.00999092
138 0.00999086
139 0.00999079
140 0.00999073
141 0.00999066
142 0.0099906
143 0.00999053
144 0.00999046
145 0.0099904
146 0.00999033
147 0.00999027
148 0.0099902
149 0.00999014
150 0.00999007
151 0.00999
152 0.00998994
153 0.00998987
154 0.00998981
155 0.00998974
156 0.00998968
157 0.00998961
158 0.00998954
159 0.00998948
160 0.00998941
161 0.00998935
162 0.00998928
163 0.00998922
164 0.00998915
165 0.00998908
166 0.00998902
167 0.00998895
168 0.00998889
169 0.00998882
170 0.00998875
171 0.00998869
172 0.00998862
173 0.00998856
174 0.00998849
175 0.00998843
176 0.00998836
177 0.00998829
178 0.00998823
179 0.00998816
180 0.0099881
181 0.00998803
182 0.00998797
183 0.0099879
184 0.00998783
185 0.00998777
186 0.0099877
187 0.00998764
188 0.00998757
189 0.00998751
190 0.00998744
191 0.00998737
192 0.00998731
193 0.00998724
194 0.00998718
195 0.00998711
196 0.00998705
197 0.00998698
198 0.00998691
199 0.00998685
200 0.00998678
201 0.00998672
202 0.00998665
203 0.00998659
204 0.00998652
205 0.00998645
206 0.00998639
207 0.00998632
208 0.00998626
209 0.00998619
210 0.00998613
211 0.00998606
212 0.00998599
213 0.00998593
214 0.00998586
215 0.0099858
216 0.00998573
217 0.00998567
218 0.0099856
219 0.00998554
220 0.00998547
221 0.0099854
222 0.00998534
223 0.00998527
224 0.00998521
225 0.00998514
226 0.00998508
227 0.00998501
228 0.00998494
229 0.00998488
230 0.00998481
231 0.00998475
232 0.00998468
233 0.00998462
234 0.00998455
235 0.00998448
236 0.00998442
237 0.00998435
238 0.00998429
239 0.00998422
240 0.00998416
241 0.00998409
242 0.00998402
243 0.00998396
244 0.00998389
245 0.00998383
246 0.00998376
247 0.0099837
248 0.00998363
249 0.00998356
250 0.0099835
251 0.00998343
252 0.00998337
253 0.0099833
254 0.00998324
255 0.00998317
256 0.0099831
257 0.00998304
258 0.00998297
259 0.00998291
260 0.00998284
261 0.00998278
262 0.00998271
263 0.00998264
264 0.00998258
265 0.00998251
266 0.00998245
267 0.00998238
268 0.00998232
269 0.00998225
270 0.00998218
271 0.00998212
272 0.00998205
273 0.00998199
274 0.00998192
275 0.00998186
276 0.00998179
277 0.00998173
278 0.00998166
279 0.00998159
280 0.00998153
281 0.00998146
282 0.0099814
283 0.00998133
284 0.00998127
285 0.0099812
286 0.00998113
287 0.00998107
288 0.009981
289 0.00998094
290 0.00998087
291 0.00998081
292 0.00998074
293 0.00998067
294 0.00998061
295 0.00998054
296 0.00998048
297 0.00998041
298 0.00998035
299 0.00998028
300 0.00998021
301 0.00998015
302 0.00998008
303 0.00998002
304 0.00997995
305 0.00997989
306 0.00997982
307 0.00997975
308 0.00997969
309 0.00997962
310 0.00997956
311 0.00997949
312 0.00997943
313 0.00997936
314 0.0099793
315 0.00997923
316 0.00997916
317 0.0099791
318 0.00997903
319 0.00997897
320 0.0099789
321 0.00997884
322 0.00997877
323 0.0099787
324 0.00997864
325 0.00997857
326 0.00997851
327 0.00997844
328 0.00997838
329 0.00997831
330 0.00997824
331 0.00997818
332 0.00997811
333 0.00997805
334 0.00997798
335 0.00997792
336 0.00997785
337 0.00997779
338 0.00997772
339 0.00997765
340 0.00997759
341 0.00997752
342 0.00997746
343 0.00997739
344 0.00997733
345 0.00997726
346 0.00997719
347 0.00997713
348 0.00997706
349 0.009977
350 0.00997693
351 0.00997687
352 0.0099768
353 0.00997673
354 0.00997667
355 0.0099766
356 0.00997654
357 0.00997647
358 0.00997641
359 0.00997634
360 0.00997628
361 0.00997621
362 0.00997614
363 0.00997608
364 0.00997601
365 0.00997595
366 0.00997588
367 0.00997582
368 0.00997575
369 0.00997568
370 0.00997562
371 0.00997555
372 0.00997549
373 0.00997542
374 0.00997536
375 0.00997529
376 0.00997523
377 0.00997516
378 0.00997509
379 0.00997503
380 0.00997496
381 0.0099749
382 0.00997483
383 0.00997477
384 0.0099747
385 0.00997463
386 0.00997457
387 0.0099745
388 0.00997444
389 0.00997437
390 0.00997431
391 0.00997424
392 0.00997418
393 0.00997411
394 0.00997404
395 0.00997398
396 0.00997391
397 0.00997385
398 0.00997378
399 0.00997372
400 0.00997365
401 0.00997358
402 0.00997352
403 0.00997345
404 0.00997339
405 0.00997332
406 0.00997326
407 0.00997319
408 0.00997313
409 0.00997306
410 0.00997299
411 0.00997293
412 0.00997286
413 0.0099728
414 0.00997273
415 0.00997267
416 0.0099726
417 0.00997253
418 0.00997247
419 0.0099724
420 0.00997234
421 0.00997227
422 0.00997221
423 0.00997214
424 0.00997208
425 0.00997201
426 0.00997194
427 0.00997188
428 0.00997181
429 0.00997175
430 0.00997168
431 0.00997162
432 0.00997155
433 0.00997148
434 0.00997142
435 0.00997135
436 0.00997129
437 0.00997122
438 0.00997116
439 0.00997109
440 0.00997103
441 0.00997096
442 0.00997089
443 0.00997083
444 0.00997076
445 0.0099707
446 0.00997063
447 0.00997057
448 0.0099705
449 0.00997043
450 0.00997037
451 0.0099703
452 0.00997024
453 0.00997017
454 0.00997011
455 0.00997004
456 0.00996998
457 0.00996991
458 0.00996984
459 0.00996978
460 0.00996971
461 0.00996965
462 0.00996958
463 0.00996952
464 0.00996945
465 0.00996939
466 0.00996932
467 0.00996925
468 0.00996919
469 0.00996912
470 0.00996906
471 0.00996899
472 0.00996893
473 0.00996886
474 0.0099688
475 0.00996873
476 0.00996866
477 0.0099686
478 0.00996853
479 0.00996847
480 0.0099684
481 0.00996834
482 0.00996827
483 0.0099682
484 0.00996814
485 0.00996807
486 0.00996801
487 0.00996794
488 0.00996788
489 0.00996781
490 0.00996775
491 0.00996768
492 0.00996761
493 0.00996755
494 0.00996748
495 0.00996742
496 0.00996735
497 0.00996729
498 0.00996722
499 0.00996716
500 0.00996709
501 0.00996702
502 0.00996696
503 0.00996689
504 0.00996683
505 0.00996676
506 0.0099667
507 0.00996663
508 0.00996657
509 0.0099665
510 0.00996643
511 0.00996637
512 0.0099663
513 0.00996624
514 0.00996617
515 0.00996611
516 0.00996604
517 0.00996597
518 0.00996591
519 0.00996584
520 0.00996578
521 0.00996571
522 0.00996565
523 0.00996558
524 0.00996552
525 0.00996545
526 0.00996538
527 0.00996532
528 0.00996525
529 0.00996519
530 0.00996512
531 0.00996506
532 0.00996499
533 0.00996493
534 0.00996486
535 0.00996479
536 0.00996473
537 0.00996466
538 0.0099646
539 0.00996453
540 0.00996447
541 0.0099644
542 0.00996434
543 0.00996427
544 0.0099642
545 0.00996414
546 0.00996407
547 0.00996401
548 0.00996394
549 0.00996388
550 0.00996381
551 0.00996375
552 0.00996368
553 0.00996361
554 0.00996355
555 0.00996348
556 0.00996342
557 0.00996335
558 0.00996329
559 0.00996322
560 0.00996316
561 0.00996309
562 0.00996302
563 0.00996296
564 0.00996289
565 0.00996283
566 0.00996276
567 0.0099627
568 0.00996263
569 0.00996257
570 0.0099625
571 0.00996243
572 0.00996237
573 0.0099623
574 0.00996224
575 0.00996217
576 0.00996211
577 0.00996204
578 0.00996198
579 0.00996191
580 0.00996184
581 0.00996178
582 0.00996171
583 0.00996165
584 0.00996158
585 0.00996152
586 0.00996145
587 0.00996139
588 0.00996132
589 0.00996125
590 0.00996119
591 0.00996112
592 0.00996106
593 0.00996099
594 0.00996093
595 0.00996086
596 0.0099608
597 0.00996073
598 0.00996066
599 0.0099606
600 0.00996053
601 0.00996047
602 0.0099604
603 0.00996034
604 0.00996027
605 0.00996021
606 0.00996014
607 0.00996008
608 0.00996001
609 0.00995994
610 0.00995988
611 0.00995981
612 0.00995975
613 0.00995968
614 0.00995962
615 0.00995955
616 0.00995949
617 0.00995942
618 0.00995935
619 0.00995929
620 0.00995922
621 0.00995916
622 0.00995909
623 0.00995903
624 0.00995896
625 0.0099589
626 0.00995883
627 0.00995876
628 0.0099587
629 0.00995863
630 0.00995857
631 0.0099585
632 0.00995844
633 0.00995837
634 0.00995831
635 0.00995824
636 0.00995817
637 0.00995811
638 0.00995804
639 0.00995798
640 0.00995791
641 0.00995785
642 0.00995778
643 0.00995772
644 0.00995765
645 0.00995759
646 0.00995752
647 0.00995745
648 0.00995739
649 0.00995732
650 0.00995726
651 0.00995719
652 0.00995713
653 0.00995706
654 0.009957
655 0.00995693
656 0.00995686
657 0.0099568
658 0.00995673
659 0.00995667
660 0.0099566
661 0.00995654
662 0.00995647
663 0.00995641
664 0.00995634
665 0.00995627
666 0.00995621
667 0.00995614
668 0.00995608
669 0.00995601
670 0.00995595
671 0.00995588
672 0.00995582
673 0.00995575
674 0.00995569
675 0.00995562
676 0.00995555
677 0.00995549
678 0.00995542
679 0.00995536
680 0.00995529
681 0.00995523
682 0.00995516
683 0.0099551
684 0.00995503
685 0.00995496
686 0.0099549
687 0.00995483
688 0.00995477
689 0.0099547
690 0.00995464
691 0.00995457
692 0.00995451
693 0.00995444
694 0.00995438
695 0.00995431
696 0.00995424
697 0.00995418
698 0.00995411
699 0.00995405
700 0.00995398
701 0.00995392
702 0.00995385
703 0.00995379
704 0.00995372
705 0.00995365
706 0.00995359
707 0.00995352
708 0.00995346
709 0.00995339
710 0.00995333
711 0.00995326
712 0.0099532
713 0.00995313
714 0.00995307
715 0.009953
716 0.00995293
717 0.00995287
718 0.0099528
719 0.00995274
720 0.00995267
721 0.00995261
722 0.00995254
723 0.00995248
724 0.00995241
725 0.00995235
726 0.00995228
727 0.00995221
728 0.00995215
729 0.00995208
730 0.00995202
731 0.00995195
732 0.00995189
733 0.00995182
734 0.00995176
735 0.00995169
736 0.00995162
737 0.00995156
738 0.00995149
739 0.00995143
740 0.00995136
741 0.0099513
742 0.00995123
743 0.00995117
744 0.0099511
745 0.00995104
746 0.00995097
747 0.0099509
748 0.00995084
749 0.00995077
750 0.00995071
751 0.00995064
752 0.00995058
753 0.00995051
754 0.00995045
755 0.00995038
756 0.00995032
757 0.00995025
758 0.00995018
759 0.00995012
760 0.00995005
761 0.00994999
762 0.00994992
763 0.00994986
764 0.00994979
765 0.00994973
766 0.00994966
767 0.0099496
768 0.00994953
769 0.00994946
770 0.0099494
771 0.00994933
772 0.00994927
773 0.0099492
774 0.00994914
775 0.00994907
776 0.00994901
777 0.00994894
778 0.00994887
779 0.00994881
780 0.00994874
781 0.00994868
782 0.00994861
783 0.00994855
784 0.00994848
785 0.00994842
786 0.00994835
787 0.00994829
788 0.00994822
789 0.00994815
790 0.00994809
791 0.00994802
792 0.00994796
793 0.00994789
794 0.00994783
795 0.00994776
796 0.0099477
797 0.00994763
798 0.00994757
799 0.0099475
800 0.00994743
801 0.00994737
802 0.0099473
803 0.00994724
804 0.00994717
805 0.00994711
806 0.00994704
807 0.00994698
808 0.00994691
809 0.00994685
810 0.00994678
811 0.00994672
812 0.00994665
813 0.00994658
814 0.00994652
815 0.00994645
816 0.00994639
817 0.00994632
818 0.00994626
819 0.00994619
820 0.00994613
821 0.00994606
822 0.009946
823 0.00994593
824 0.00994586
825 0.0099458
826 0.00994573
827 0.00994567
828 0.0099456
829 0.00994554
830 0.00994547
831 0.00994541
832 0.00994534
833 0.00994528
834 0.00994521
835 0.00994514
836 0.00994508
837 0.00994501
838 0.00994495
839 0.00994488
840 0.00994482
841 0.00994475
842 0.00994469
843 0.00994462
844 0.00994456
845 0.00994449
846 0.00994442
847 0.00994436
848 0.00994429
849 0.00994423
850 0.00994416
851 0.0099441
852 0.00994403
853 0.00994397
854 0.0099439
855 0.00994384
856 0.00994377
857 0.0099437
858 0.00994364
859 0.00994357
860 0.00994351
861 0.00994344
862 0.00994338
863 0.00994331
864 0.00994325
865 0.00994318
866 0.00994312
867 0.00994305
868 0.00994299
869 0.00994292
870 0.00994285
871 0.00994279
872 0.00994272
873 0.00994266
874 0.00994259
875 0.00994253
876 0.00994246
877 0.0099424
878 0.00994233
879 0.00994227
880 0.0099422
881 0.00994213
882 0.00994207
883 0.009942
884 0.00994194
885 0.00994187
886 0.00994181
887 0.00994174
888 0.00994168
889 0.00994161
890 0.00994155
891 0.00994148
892 0.00994142
893 0.00994135
894 0.00994128
895 0.00994122
896 0.00994115
897 0.00994109
898 0.00994102
899 0.00994096
900 0.00994089
901 0.00994083
902 0.00994076
903 0.0099407
904 0.00994063
905 0.00994056
906 0.0099405
907 0.00994043
908 0.00994037
909 0.0099403
910 0.00994024
911 0.00994017
912 0.00994011
913 0.00994004
914 0.00993998
915 0.00993991
916 0.00993985
917 0.00993978
918 0.00993971
919 0.00993965
920 0.00993958
921 0.00993952
922 0.00993945
923 0.00993939
924 0.00993932
925 0.00993926
926 0.00993919
927 0.00993913
928 0.00993906
929 0.009939
930 0.00993893
931 0.00993886
932 0.0099388
933 0.00993873
934 0.00993867
935 0.0099386
936 0.00993854
937 0.00993847
938 0.00993841
939 0.00993834
940 0.00993828
941 0.00993821
942 0.00993815
943 0.00993808
944 0.00993801
945 0.00993795
946 0.00993788
947 0.00993782
948 0.00993775
949 0.00993769
950 0.00993762
951 0.00993756
952 0.00993749
953 0.00993743
954 0.00993736
955 0.0099373
956 0.00993723
957 0.00993716
958 0.0099371
959 0.00993703
960 0.00993697
961 0.0099369
962 0.00993684
963 0.00993677
964 0.00993671
965 0.00993664
966 0.00993658
967 0.00993651
968 0.00993645
969 0.00993638
970 0.00993631
971 0.00993625
972 0.00993618
973 0.00993612
974 0.00993605
975 0.00993599
976 0.00993592
977 0.00993586
978 0.00993579
979 0.00993573
980 0.00993566
981 0.0099356
982 0.00993553
983 0.00993546
984 0.0099354
985 0.00993533
986 0.00993527
987 0.0099352
988 0.00993514
989 0.00993507
990 0.00993501
991 0.00993494
992 0.00993488
993 0.00993481
994 0.00993475
995 0.00993468
996 0.00993461
997 0.00993455
998 0.00993448
999 0.00993442
1000 0.00993435
1001 0.00993429
1002 0.00993422
1003 0.00993416
1004 0.00993409
1005 0.00993403
1006 0.00993396
1007 0.0099339
1008 0.00993383
1009 0.00993376
1010 0.0099337
1011 0.00993363
1012 0.00993357
1013 0.0099335
1014 0.00993344
1015 0.00993337
1016 0.00993331
1017 0.00993324
1018 0.00993318
1019 0.00993311
1020 0.00993305
1021 0.00993298
1022 0.00993292
1023 0.00993285
1024 0.00993278
1025 0.00993272
1026 0.00993265
1027 0.00993259
1028 0.00993252
1029 0.00993246
1030 0.00993239
1031 0.00993233
1032 0.00993226
1033 0.0099322
1034 0.00993213
1035 0.00993207
1036 0.009932
1037 0.00993194
1038 0.00993187
1039 0.0099318
1040 0.00993174
1041 0.00993167
1042 0.00993161
1043 0.00993154
1044 0.00993148
1045 0.00993141
1046 0.00993135
1047 0.00993128
1048 0.00993122
1049 0.00993115
1050 0.00993109
1051 0.00993102
1052 0.00993095
1053 0.00993089
1054 0.00993082
1055 0.00993076
1056 0.00993069
1057 0.00993063
1058 0.00993056
1059 0.0099305
1060 0.00993043
1061 0.00993037
1062 0.0099303
1063 0.00993024
1064 0.00993017
1065 0.00993011
1066 0.00993004
1067 0.00992997
1068 0.00992991
1069 0.00992984
1070 0.00992978
1071 0.00992971
1072 0.00992965
1073 0.00992958
1074 0.00992952
1075 0.00992945
1076 0.00992939
1077 0.00992932
1078 0.00992926
1079 0.00992919
1080 0.00992913
1081 0.00992906
1082 0.00992899
1083 0.00992893
1084 0.00992886
1085 0.0099288
1086 0.00992873
1087 0.00992867
1088 0.0099286
1089 0.00992854
1090 0.00992847
1091 0.00992841
1092 0.00992834
1093 0.00992828
1094 0.00992821
1095 0.00992815
1096 0.00992808
1097 0.00992801
1098 0.00992795
1099 0.00992788
1100 0.00992782
1101 0.00992775
1102 0.00992769
1103 0.00992762
1104 0.00992756
1105 0.00992749
1106 0.00992743
1107 0.00992736
1108 0.0099273
1109 0.00992723
1110 0.00992717
1111 0.0099271
1112 0.00992704
1113 0.00992697
1114 0.0099269
1115 0.00992684
1116 0.00992677
1117 0.00992671
1118 0.00992664
1119 0.00992658
1120 0.00992651
1121 0.00992645
1122 0.00992638
1123 0.00992632
1124 0.00992625
1125 0.00992619
1126 0.00992612
1127 0.00992606
1128 0.00992599
1129 0.00992592
1130 0.00992586
1131 0.00992579
1132 0.00992573
1133 0.00992566
1134 0.0099256
1135 0.00992553
1136 0.00992547
1137 0.0099254
1138 0.00992534
1139 0.00992527
1140 0.00992521
1141 0.00992514
1142 0.00992508
1143 0.00992501
1144 0.00992495
1145 0.00992488
1146 0.00992481
1147 0.00992475
1148 0.00992468
1149 0.00992462
1150 0.00992455
1151 0.00992449
1152 0.00992442
1153 0.00992436
1154 0.00992429
1155 0.00992423
1156 0.00992416
1157 0.0099241
1158 0.00992403
1159 0.00992397
1160 0.0099239
1161 0.00992384
1162 0.00992377
1163 0.0099237
1164 0.00992364
1165 0.00992357
1166 0.00992351
1167 0.00992344
1168 0.00992338
1169 0.00992331
1170 0.00992325
1171 0.00992318
1172 0.00992312
1173 0.00992305
1174 0.00992299
1175 0.00992292
1176 0.00992286
1177 0.00992279
1178 0.00992273
1179 0.00992266
1180 0.00992259
1181 0.00992253
1182 0.00992246
1183 0.0099224
1184 0.00992233
1185 0.00992227
1186 0.0099222
1187 0.00992214
1188 0.00992207
1189 0.00992201
1190 0.00992194
1191 0.00992188
1192 0.00992181
1193 0.00992175
1194 0.00992168
1195 0.00992162
1196 0.00992155
1197 0.00992148
1198 0.00992142
1199 0.00992135
1200 0.00992129
1201 0.00992122
1202 0.00992116
1203 0.00992109
1204 0.00992103
1205 0.00992096
1206 0.0099209
1207 0.00992083
1208 0.00992077
1209 0.0099207
1210 0.00992064
1211 0.00992057
1212 0.00992051
1213 0.00992044
1214 0.00992037
1215 0.00992031
1216 0.00992024
1217 0.00992018
1218 0.00992011
1219 0.00992005
1220 0.00991998
1221 0.00991992
1222 0.00991985
1223 0.00991979
1224 0.00991972
1225 0.00991966
1226 0.00991959
1227 0.00991953
1228 0.00991946
1229 0.0099194
1230 0.00991933
1231 0.00991927
1232 0.0099192
1233 0.00991913
1234 0.00991907
1235 0.009919
1236 0.00991894
1237 0.00991887
1238 0.00991881
1239 0.00991874
1240 0.00991868
1241 0.00991861
1242 0.00991855
1243 0.00991848
1244 0.00991842
1245 0.00991835
1246 0.00991829
1247 0.00991822
1248 0.00991816
1249 0.00991809
1250 0.00991803
1251 0.00991796
1252 0.00991789
1253 0.00991783
1254 0.00991776
1255 0.0099177
1256 0.00991763
1257 0.00991757
1258 0.0099175
1259 0.00991744
1260 0.00991737
1261 0.00991731
1262 0.00991724
1263 0.00991718
1264 0.00991711
1265 0.00991705
1266 0.00991698
1267 0.00991692
1268 0.00991685
1269 0.00991679
1270 0.00991672
1271 0.00991666
1272 0.00991659
1273 0.00991652
1274 0.00991646
1275 0.00991639
1276 0.00991633
1277 0.00991626
1278 0.0099162
1279 0.00991613
1280 0.00991607
1281 0.009916
1282 0.00991594
1283 0.00991587
1284 0.00991581
1285 0.00991574
1286 0.00991568
1287 0.00991561
1288 0.00991555
1289 0.00991548
1290 0.00991542
1291 0.00991535
1292 0.00991528
1293 0.00991522
1294 0.00991515
1295 0.00991509
1296 0.00991502
1297 0.00991496
1298 0.00991489
1299 0.00991483
1300 0.00991476
1301 0.0099147
1302 0.00991463
1303 0.00991457
1304 0.0099145
1305 0.00991444
1306 0.00991437
1307 0.00991431
1308 0.00991424
1309 0.00991418
1310 0.00991411
1311 0.00991405
1312 0.00991398
1313 0.00991391
1314 0.00991385
1315 0.00991378
1316 0.00991372
1317 0.00991365
1318 0.00991359
1319 0.00991352
1320 0.00991346
1321 0.00991339
1322 0.00991333
1323 0.00991326
1324 0.0099132
1325 0.00991313
1326 0.00991307
1327 0.009913
1328 0.00991294
1329 0.00991287
1330 0.00991281
1331 0.00991274
1332 0.00991268
1333 0.00991261
1334 0.00991255
1335 0.00991248
1336 0.00991241
1337 0.00991235
1338 0.00991228
1339 0.00991222
1340 0.00991215
1341 0.00991209
1342 0.00991202
1343 0.00991196
1344 0.00991189
1345 0.00991183
1346 0.00991176
1347 0.0099117
1348 0.00991163
1349 0.00991157
1350 0.0099115
1351 0.00991144
1352 0.00991137
1353 0.00991131
1354 0.00991124
1355 0.00991118
1356 0.00991111
1357 0.00991105
1358 0.00991098
1359 0.00991091
1360 0.00991085
1361 0.00991078
1362 0.00991072
1363 0.00991065
1364 0.00991059
1365 0.00991052
1366 0.00991046
1367 0.00991039
1368 0.00991033
1369 0.00991026
1370 0.0099102
1371 0.00991013
1372 0.00991007
1373 0.00991
1374 0.00990994
1375 0.00990987
1376 0.00990981
1377 0.00990974
1378 0.00990968
1379 0.00990961
1380 0.00990955
1381 0.00990948
1382 0.00990942
1383 0.00990935
1384 0.00990928
1385 0.00990922
1386 0.00990915
1387 0.00990909
1388 0.00990902
1389 0.00990896
1390 0.00990889
1391 0.00990883
1392 0.00990876
1393 0.0099087
1394 0.00990863
1395 0.00990857
1396 0.0099085
1397 0.00990844
1398 0.00990837
1399 0.00990831
1400 0.00990824
1401 0.00990818
1402 0.00990811
1403 0.00990805
1404 0.00990798
1405 0.00990792
1406 0.00990785
1407 0.00990779
1408 0.00990772
1409 0.00990765
1410 0.00990759
1411 0.00990752
1412 0.00990746
1413 0.00990739
1414 0.00990733
1415 0.00990726
1416 0.0099072
1417 0.00990713
1418 0.00990707
1419 0.009907
1420 0.00990694
1421 0.00990687
1422 0.00990681
1423 0.00990674
1424 0.00990668
1425 0.00990661
1426 0.00990655
1427 0.00990648
1428 0.00990642
1429 0.00990635
1430 0.00990629
1431 0.00990622
1432 0.00990616
1433 0.00990609
1434 0.00990603
1435 0.00990596
1436 0.00990589
1437 0.00990583
1438 0.00990576
1439 0.0099057
1440 0.00990563
1441 0.00990557
1442 0.0099055
1443 0.00990544
1444 0.00990537
1445 0.00990531
1446 0.00990524
1447 0.00990518
1448 0.00990511
1449 0.00990505
1450 0.00990498
1451 0.00990492
1452 0.00990485
1453 0.00990479
1454 0.00990472
1455 0.00990466
1456 0.00990459
1457 0.00990453
1458 0.00990446
1459 0.0099044
1460 0.00990433
1461 0.00990427
1462 0.0099042
1463 0.00990414
1464 0.00990407
1465 0.009904
1466 0.00990394
1467 0.00990387
1468 0.00990381
1469 0.00990374
1470 0.00990368
1471 0.00990361
1472 0.00990355
1473 0.00990348
1474 0.00990342
1475 0.00990335
1476 0.00990329
1477 0.00990322
1478 0.00990316
1479 0.00990309
1480 0.00990303
1481 0.00990296
1482 0.0099029
1483 0.00990283
1484 0.00990277
1485 0.0099027
1486 0.00990264
1487 0.00990257
1488 0.00990251
1489 0.00990244
1490 0.00990238
1491 0.00990231
1492 0.00990225
1493 0.00990218
1494 0.00990212
1495 0.00990205
1496 0.00990198
1497 0.00990192
1498 0.00990185
1499 0.00990179
1500 0.00990172
1501 0.00990166
1502 0.00990159
1503 0.00990153
1504 0.00990146
1505 0.0099014
1506 0.00990133
1507 0.00990127
1508 0.0099012
1509 0.00990114
1510 0.00990107
1511 0.00990101
1512 0.00990094
1513 0.00990088
1514 0.00990081
1515 0.00990075
1516 0.00990068
1517 0.00990062
1518 0.00990055
1519 0.00990049
1520 0.00990042
1521 0.00990036
1522 0.00990029
1523 0.00990023
1524 0.00990016
1525 0.0099001
1526 0.00990003
1527 0.00989997
1528 0.0098999
1529 0.00989984
1530 0.00989977
1531 0.0098997
1532 0.00989964
1533 0.00989957
1534 0.00989951
1535 0.00989944
1536 0.00989938
1537 0.00989931
1538 0.00989925
1539 0.00989918
1540 0.00989912
1541 0.00989905
1542 0.00989899
1543 0.00989892
1544 0.00989886
1545 0.00989879
1546 0.00989873
1547 0.00989866
1548 0.0098986
1549 0.00989853
1550 0.00989847
1551 0.0098984
1552 0.00989834
1553 0.00989827
1554 0.00989821
1555 0.00989814
1556 0.00989808
1557 0.00989801
1558 0.00989795
1559 0.00989788
1560 0.00989782
1561 0.00989775
1562 0.00989769
1563 0.00989762
1564 0.00989756
1565 0.00989749
1566 0.00989743
1567 0.00989736
1568 0.00989729
1569 0.00989723
1570 0.00989716
1571 0.0098971
1572 0.00989703
1573 0.00989697
1574 0.0098969
1575 0.00989684
1576 0.00989677
1577 0.00989671
1578 0.00989664
1579 0.00989658
1580 0.00989651
1581 0.00989645
1582 0.00989638
1583 0.00989632
1584 0.00989625
1585 0.00989619
1586 0.00989612
1587 0.00989606
1588 0.00989599
1589 0.00989593
1590 0.00989586
1591 0.0098958
1592 0.00989573
1593 0.00989567
1594 0.0098956
1595 0.00989554
1596 0.00989547
1597 0.00989541
1598 0.00989534
1599 0.00989528
1600 0.00989521
1601 0.00989515
1602 0.00989508
1603 0.00989502
1604 0.00989495
1605 0.00989489
1606 0.00989482
1607 0.00989476
1608 0.00989469
1609 0.00989463
1610 0.00989456
1611 0.0098945
1612 0.00989443
1613 0.00989436
1614 0.0098943
1615 0.00989423
1616 0.00989417
1617 0.0098941
1618 0.00989404
1619 0.00989397
1620 0.00989391
1621 0.00989384
1622 0.00989378
1623 0.00989371
1624 0.00989365
1625 0.00989358
1626 0.00989352
1627 0.00989345
1628 0.00989339
1629 0.00989332
1630 0.00989326
1631 0.00989319
1632 0.00989313
1633 0.00989306
1634 0.009893
1635 0.00989293
1636 0.00989287
1637 0.0098928
1638 0.00989274
1639 0.00989267
1640 0.00989261
1641 0.00989254
1642 0.00989248
1643 0.00989241
1644 0.00989235
1645 0.00989228
1646 0.00989222
1647 0.00989215
1648 0.00989209
1649 0.00989202
1650 0.00989196
1651 0.00989189
1652 0.00989183
1653 0.00989176
1654 0.0098917
1655 0.00989163
1656 0.00989157
1657 0.0098915
1658 0.00989144
1659 0.00989137
1660 0.00989131
1661 0.00989124
1662 0.00989118
1663 0.00989111
1664 0.00989105
1665 0.00989098
1666 0.00989092
1667 0.00989085
1668 0.00989078
1669 0.00989072
1670 0.00989065
1671 0.00989059
1672 0.00989052
1673 0.00989046
1674 0.00989039
1675 0.00989033
1676 0.00989026
1677 0.0098902
1678 0.00989013
1679 0.00989007
1680 0.00989
1681 0.00988994
1682 0.00988987
1683 0.00988981
1684 0.00988974
1685 0.00988968
1686 0.00988961
1687 0.00988955
1688 0.00988948
1689 0.00988942
1690 0.00988935
1691 0.00988929
1692 0.00988922
1693 0.00988916
1694 0.00988909
1695 0.00988903
1696 0.00988896
1697 0.0098889
1698 0.00988883
1699 0.00988877
1700 0.0098887
1701 0.00988864
1702 0.00988857
1703 0.00988851
1704 0.00988844
1705 0.00988838
1706 0.00988831
1707 0.00988825
1708 0.00988818
1709 0.00988812
1710 0.00988805
1711 0.00988799
1712 0.00988792
1713 0.00988786
1714 0.00988779
1715 0.00988773
1716 0.00988766
1717 0.0098876
1718 0.00988753
1719 0.00988747
1720 0.0098874
1721 0.00988734
1722 0.00988727
1723 0.00988721
1724 0.00988714
1725 0.00988708
1726 0.00988701
1727 0.00988695
1728 0.00988688
1729 0.00988682
1730 0.00988675
1731 0.00988669
1732 0.00988662
1733 0.00988656
1734 0.00988649
1735 0.00988643
1736 0.00988636
1737 0.0098863
1738 0.00988623
1739 0.00988617
1740 0.0098861
1741 0.00988604
1742 0.00988597
1743 0.00988591
1744 0.00988584
1745 0.00988578
1746 0.00988571
1747 0.00988565
1748 0.00988558
1749 0.00988552
1750 0.00988545
1751 0.00988538
1752 0.00988532
1753 0.00988525
1754 0.00988519
1755 0.00988512
1756 0.00988506
1757 0.00988499
1758 0.00988493
1759 0.00988486
1760 0.0098848
1761 0.00988473
1762 0.00988467
1763 0.0098846
1764 0.00988454
1765 0.00988447
1766 0.00988441
1767 0.00988434
1768 0.00988428
1769 0.00988421
1770 0.00988415
1771 0.00988408
1772 0.00988402
1773 0.00988395
1774 0.00988389
1775 0.00988382
1776 0.00988376
1777 0.00988369
1778 0.00988363
1779 0.00988356
1780 0.0098835
1781 0.00988343
1782 0.00988337
1783 0.0098833
1784 0.00988324
1785 0.00988317
1786 0.00988311
1787 0.00988304
1788 0.00988298
1789 0.00988291
1790 0.00988285
1791 0.00988278
1792 0.00988272
1793 0.00988265
1794 0.00988259
1795 0.00988252
1796 0.00988246
1797 0.00988239
1798 0.00988233
1799 0.00988226
1800 0.0098822
1801 0.00988213
1802 0.00988207
1803 0.009882
1804 0.00988194
1805 0.00988187
1806 0.00988181
1807 0.00988174
1808 0.00988168
1809 0.00988161
1810 0.00988155
1811 0.00988148
1812 0.00988142
1813 0.00988135
1814 0.00988129
1815 0.00988122
1816 0.00988116
1817 0.00988109
1818 0.00988103
1819 0.00988096
1820 0.0098809
1821 0.00988083
1822 0.00988077
1823 0.0098807
1824 0.00988064
1825 0.00988057
1826 0.00988051
1827 0.00988044
1828 0.00988038
1829 0.00988031
1830 0.00988025
1831 0.00988018
1832 0.00988012
1833 0.00988005
1834 0.00987999
1835 0.00987992
1836 0.00987986
1837 0.00987979
1838 0.00987973
1839 0.00987966
1840 0.0098796
1841 0.00987953
1842 0.00987947
1843 0.0098794
1844 0.00987934
1845 0.00987927
1846 0.00987921
1847 0.00987914
1848 0.00987908
1849 0.00987901
1850 0.00987895
1851 0.00987888
1852 0.00987882
1853 0.00987875
1854 0.00987869
1855 0.00987862
1856 0.00987856
1857 0.00987849
1858 0.00987843
1859 0.00987836
1860 0.0098783
1861 0.00987823
1862 0.00987817
1863 0.0098781
1864 0.00987804
1865 0.00987797
1866 0.00987791
1867 0.00987784
1868 0.00987778
1869 0.00987771
1870 0.00987765
1871 0.00987758
1872 0.00987752
1873 0.00987745
1874 0.00987739
1875 0.00987732
1876 0.00987726
1877 0.00987719
1878 0.00987713
1879 0.00987706
1880 0.009877
1881 0.00987693
1882 0.00987687
1883 0.0098768
1884 0.00987674
1885 0.00987667
1886 0.00987661
1887 0.00987654
1888 0.00987648
1889 0.00987641
1890 0.00987635
1891 0.00987628
1892 0.00987622
1893 0.00987615
1894 0.00987609
1895 0.00987602
1896 0.00987596
1897 0.00987589
1898 0.00987583
1899 0.00987576
1900 0.0098757
1901 0.00987563
1902 0.00987557
1903 0.0098755
1904 0.00987544
1905 0.00987537
1906 0.00987531
1907 0.00987524
1908 0.00987518
1909 0.00987511
1910 0.00987505
1911 0.00987498
1912 0.00987492
1913 0.00987485
1914 0.00987479
1915 0.00987472
1916 0.00987466
1917 0.00987459
1918 0.00987453
1919 0.00987446
1920 0.0098744
1921 0.00987433
1922 0.00987427
1923 0.0098742
1924 0.00987414
1925 0.00987407
1926 0.00987401
1927 0.00987394
1928 0.00987388
1929 0.00987381
1930 0.00987375
1931 0.00987368
1932 0.00987362
1933 0.00987355
1934 0.00987349
1935 0.00987342
1936 0.00987336
1937 0.00987329
1938 0.00987323
1939 0.00987316
1940 0.0098731
1941 0.00987303
1942 0.00987297
1943 0.0098729
1944 0.00987284
1945 0.00987277
1946 0.00987271
1947 0.00987264
1948 0.00987258
1949 0.00987251
1950 0.00987245
1951 0.00987238
1952 0.00987232
1953 0.00987225
1954 0.00987219
1955 0.00987212
1956 0.00987206
1957 0.009872
1958 0.00987193
1959 0.00987187
1960 0.0098718
1961 0.00987174
1962 0.00987167
1963 0.00987161
1964 0.00987154
1965 0.00987148
1966 0.00987141
1967 0.00987135
1968 0.00987128
1969 0.00987122
1970 0.00987115
1971 0.00987109
1972 0.00987102
1973 0.00987096
1974 0.00987089
1975 0.00987083
1976 0.00987076
1977 0.0098707
1978 0.00987063
1979 0.00987057
1980 0.0098705
1981 0.00987044
1982 0.00987037
1983 0.00987031
1984 0.00987024
1985 0.00987018
1986 0.00987011
1987 0.00987005
1988 0.00986998
1989 0.00986992
1990 0.00986985
1991 0.00986979
1992 0.00986972
1993 0.00986966
1994 0.00986959
1995 0.00986953
1996 0.00986946
1997 0.0098694
1998 0.00986933
1999 0.00986927
