1 400 100 13.9158 1.14977
1 400 100 13.668 1.17061
1 400 100 13.6538 1.17184
2 400 100 6.95389 2.30087
2 400 100 6.98914 2.28926
2 400 100 6.97057 2.29536
4 400 100 3.51095 4.55717
4 400 100 3.49375 4.57961
4 400 100 3.50359 4.56674
8 400 100 1.76535 9.06336
8 400 100 1.75912 9.09546
8 400 100 1.75963 9.0928
16 400 100 0.89665 17.8442
16 400 100 0.894799 17.8811
16 400 100 0.895722 17.8627
32 400 100 0.479663 33.3568
32 400 100 0.481936 33.1994
32 400 100 0.479856 33.3434
64 400 100 0.320868 49.8647
64 400 100 0.286221 55.9009
64 400 100 0.276012 57.9684
