0 0.00999959
1 0.00999918
2 0.00999877
3 0.00999836
4 0.00999794
5 0.00999753
6 0.00999712
7 0.00999671
8 0.0099963
9 0.00999589
10 0.00999548
11 0.00999507
12 0.00999466
13 0.00999424
14 0.00999383
15 0.00999342
16 0.00999301
17 0.0099926
18 0.00999219
19 0.00999178
20 0.00999137
21 0.00999096
22 0.00999055
23 0.00999014
24 0.00998972
25 0.00998931
26 0.0099889
27 0.00998849
28 0.00998808
29 0.00998767
30 0.00998726
31 0.00998685
32 0.00998644
33 0.00998603
34 0.00998562
35 0.00998521
36 0.0099848
37 0.00998439
38 0.00998397
39 0.00998356
40 0.00998315
41 0.00998274
42 0.00998233
43 0.00998192
44 0.00998151
45 0.0099811
46 0.00998069
47 0.00998028
48 0.00997987
49 0.00997946
50 0.00997905
51 0.00997864
52 0.00997823
53 0.00997782
54 0.00997741
55 0.009977
56 0.00997659
57 0.00997618
58 0.00997577
59 0.00997536
60 0.00997495
61 0.00997454
62 0.00997413
63 0.00997372
64 0.00997331
65 0.0099729
66 0.00997249
67 0.00997208
68 0.00997167
69 0.00997126
70 0.00997085
71 0.00997043
72 0.00997002
73 0.00996961
74 0.00996921
75 0.0099688
76 0.00996839
77 0.00996798
78 0.00996757
79 0.00996716
80 0.00996675
81 0.00996634
82 0.00996593
83 0.00996552
84 0.00996511
85 0.0099647
86 0.00996429
87 0.00996388
88 0.00996347
89 0.00996306
90 0.00996265
91 0.00996224
92 0.00996183
93 0.00996142
94 0.00996101
95 0.0099606
96 0.00996019
97 0.00995978
98 0.00995937
99 0.00995896
