0 0.00998027
1 0.00995403
2 0.00992787
3 0.00990178
4 0.00987575
5 0.00984979
6 0.0098239
7 0.00979808
8 0.00977233
9 0.00974664
10 0.00972102
11 0.00969547
12 0.00966999
13 0.00964457
14 0.00961922
15 0.00959394
16 0.00956872
17 0.00954357
18 0.00951849
19 0.00949347
20 0.00946851
21 0.00944363
22 0.0094188
23 0.00939405
24 0.00936936
25 0.00934473
26 0.00932017
27 0.00929567
28 0.00927124
29 0.00924687
30 0.00922256
31 0.00919832
32 0.00917415
33 0.00915003
34 0.00912598
35 0.00910199
36 0.00907807
37 0.00905421
38 0.00903041
39 0.00900668
40 0.008983
41 0.00895939
42 0.00893584
43 0.00891235
44 0.00888893
45 0.00886557
46 0.00884226
47 0.00881902
48 0.00879584
49 0.00877272
50 0.00874966
51 0.00872667
52 0.00870373
53 0.00868085
54 0.00865803
55 0.00863528
56 0.00861258
57 0.00858994
58 0.00856736
59 0.00854484
60 0.00852239
61 0.00849998
62 0.00847764
63 0.00845536
64 0.00843314
65 0.00841097
66 0.00838886
67 0.00836681
68 0.00834482
69 0.00832289
70 0.00830101
71 0.00827919
72 0.00825743
73 0.00823573
74 0.00821408
75 0.00819249
76 0.00817096
77 0.00814948
78 0.00812806
79 0.0081067
80 0.00808539
81 0.00806414
82 0.00804294
83 0.0080218
84 0.00800071
85 0.00797969
86 0.00795871
87 0.00793779
88 0.00791693
89 0.00789612
90 0.00787536
91 0.00785466
92 0.00783402
93 0.00781343
94 0.00779289
95 0.00777241
96 0.00775198
97 0.0077316
98 0.00771128
99 0.00769101
100 0.0076708
101 0.00765063
102 0.00763053
103 0.00761047
104 0.00759047
105 0.00757051
106 0.00755062
107 0.00753077
108 0.00751098
109 0.00749123
110 0.00747154
111 0.00745191
112 0.00743232
113 0.00741278
114 0.0073933
115 0.00737387
116 0.00735448
117 0.00733515
118 0.00731587
119 0.00729664
120 0.00727747
121 0.00725834
122 0.00723926
123 0.00722023
124 0.00720125
125 0.00718233
126 0.00716345
127 0.00714462
128 0.00712584
129 0.00710711
130 0.00708843
131 0.0070698
132 0.00705122
133 0.00703268
134 0.0070142
135 0.00699576
136 0.00697737
137 0.00695903
138 0.00694074
139 0.0069225
140 0.0069043
141 0.00688616
142 0.00686806
143 0.00685
144 0.006832
145 0.00681404
146 0.00679613
147 0.00677827
148 0.00676045
149 0.00674268
150 0.00672496
151 0.00670728
152 0.00668965
153 0.00667207
154 0.00665453
155 0.00663704
156 0.0066196
157 0.0066022
158 0.00658484
159 0.00656754
160 0.00655027
161 0.00653306
162 0.00651589
163 0.00649876
164 0.00648168
165 0.00646464
166 0.00644765
167 0.0064307
168 0.0064138
169 0.00639694
170 0.00638013
171 0.00636336
172 0.00634663
173 0.00632995
174 0.00631331
175 0.00629672
176 0.00628017
177 0.00626366
178 0.0062472
179 0.00623078
180 0.0062144
181 0.00619807
182 0.00618177
183 0.00616553
184 0.00614932
185 0.00613316
186 0.00611704
187 0.00610096
188 0.00608492
189 0.00606893
190 0.00605298
191 0.00603707
192 0.0060212
193 0.00600537
194 0.00598959
195 0.00597384
196 0.00595814
197 0.00594248
198 0.00592686
199 0.00591128
200 0.00589575
201 0.00588025
202 0.00586479
203 0.00584938
204 0.005834
205 0.00581867
206 0.00580338
207 0.00578812
208 0.00577291
209 0.00575774
210 0.0057426
211 0.00572751
212 0.00571245
213 0.00569744
214 0.00568246
215 0.00566753
216 0.00565263
217 0.00563777
218 0.00562295
219 0.00560817
220 0.00559343
221 0.00557873
222 0.00556407
223 0.00554944
224 0.00553486
225 0.00552031
226 0.0055058
227 0.00549133
228 0.00547689
229 0.0054625
230 0.00544814
231 0.00543382
232 0.00541954
233 0.00540529
234 0.00539109
235 0.00537692
236 0.00536278
237 0.00534869
238 0.00533463
239 0.00532061
240 0.00530662
241 0.00529267
242 0.00527876
243 0.00526489
244 0.00525105
245 0.00523725
246 0.00522348
247 0.00520975
248 0.00519606
249 0.0051824
250 0.00516878
251 0.00515519
252 0.00514164
253 0.00512813
254 0.00511465
255 0.00510121
256 0.0050878
257 0.00507443
258 0.00506109
259 0.00504778
260 0.00503452
261 0.00502128
262 0.00500809
263 0.00499492
264 0.00498179
265 0.0049687
266 0.00495564
267 0.00494261
268 0.00492962
269 0.00491667
270 0.00490374
271 0.00489085
272 0.004878
273 0.00486518
274 0.00485239
275 0.00483963
276 0.00482691
277 0.00481423
278 0.00480157
279 0.00478895
280 0.00477636
281 0.00476381
282 0.00475129
283 0.0047388
284 0.00472635
285 0.00471392
286 0.00470153
287 0.00468917
288 0.00467685
289 0.00466456
290 0.0046523
291 0.00464007
292 0.00462787
293 0.00461571
294 0.00460358
295 0.00459148
296 0.00457941
297 0.00456737
298 0.00455537
299 0.00454339
300 0.00453145
301 0.00451954
302 0.00450766
303 0.00449581
304 0.00448399
305 0.00447221
306 0.00446045
307 0.00444873
308 0.00443704
309 0.00442537
310 0.00441374
311 0.00440214
312 0.00439057
313 0.00437903
314 0.00436752
315 0.00435604
316 0.00434459
317 0.00433317
318 0.00432178
319 0.00431042
320 0.00429909
321 0.00428779
322 0.00427652
323 0.00426528
324 0.00425407
325 0.00424289
326 0.00423174
327 0.00422061
328 0.00420952
329 0.00419846
330 0.00418742
331 0.00417641
332 0.00416544
333 0.00415449
334 0.00414357
335 0.00413268
336 0.00412182
337 0.00411098
338 0.00410018
339 0.0040894
340 0.00407865
341 0.00406793
342 0.00405724
343 0.00404657
344 0.00403594
345 0.00402533
346 0.00401475
347 0.0040042
348 0.00399367
349 0.00398317
350 0.0039727
351 0.00396226
352 0.00395185
353 0.00394146
354 0.0039311
355 0.00392077
356 0.00391046
357 0.00390018
358 0.00388993
359 0.00387971
360 0.00386951
361 0.00385934
362 0.0038492
363 0.00383908
364 0.00382899
365 0.00381892
366 0.00380889
367 0.00379888
368 0.00378889
369 0.00377893
370 0.003769
371 0.00375909
372 0.00374921
373 0.00373936
374 0.00372953
375 0.00371973
376 0.00370995
377 0.0037002
378 0.00369047
379 0.00368077
380 0.0036711
381 0.00366145
382 0.00365182
383 0.00364222
384 0.00363265
385 0.0036231
386 0.00361358
387 0.00360408
388 0.00359461
389 0.00358516
390 0.00357574
391 0.00356634
392 0.00355697
393 0.00354762
394 0.00353829
395 0.00352899
396 0.00351972
397 0.00351046
398 0.00350124
399 0.00349203
400 0.00348286
401 0.0034737
402 0.00346457
403 0.00345546
404 0.00344638
405 0.00343732
406 0.00342829
407 0.00341928
408 0.00341029
409 0.00340133
410 0.00339239
411 0.00338347
412 0.00337458
413 0.00336571
414 0.00335686
415 0.00334804
416 0.00333924
417 0.00333046
418 0.00332171
419 0.00331298
420 0.00330427
421 0.00329558
422 0.00328692
423 0.00327828
424 0.00326966
425 0.00326107
426 0.0032525
427 0.00324395
428 0.00323542
429 0.00322692
430 0.00321844
431 0.00320998
432 0.00320154
433 0.00319313
434 0.00318473
435 0.00317636
436 0.00316801
437 0.00315969
438 0.00315138
439 0.0031431
440 0.00313484
441 0.0031266
442 0.00311838
443 0.00311018
444 0.00310201
445 0.00309385
446 0.00308572
447 0.00307761
448 0.00306952
449 0.00306145
450 0.00305341
451 0.00304538
452 0.00303738
453 0.00302939
454 0.00302143
455 0.00301349
456 0.00300557
457 0.00299767
458 0.00298979
459 0.00298193
460 0.00297409
461 0.00296628
462 0.00295848
463 0.0029507
464 0.00294295
465 0.00293521
466 0.0029275
467 0.0029198
468 0.00291213
469 0.00290447
470 0.00289684
471 0.00288922
472 0.00288163
473 0.00287406
474 0.0028665
475 0.00285897
476 0.00285145
477 0.00284396
478 0.00283648
479 0.00282903
480 0.00282159
481 0.00281418
482 0.00280678
483 0.0027994
484 0.00279204
485 0.0027847
486 0.00277738
487 0.00277008
488 0.0027628
489 0.00275554
490 0.0027483
491 0.00274108
492 0.00273387
493 0.00272668
494 0.00271952
495 0.00271237
496 0.00270524
497 0.00269813
498 0.00269104
499 0.00268396
500 0.00267691
501 0.00266987
502 0.00266286
503 0.00265586
504 0.00264888
505 0.00264191
506 0.00263497
507 0.00262804
508 0.00262114
509 0.00261425
510 0.00260738
511 0.00260052
512 0.00259369
513 0.00258687
514 0.00258007
515 0.00257329
516 0.00256653
517 0.00255978
518 0.00255305
519 0.00254634
520 0.00253965
521 0.00253297
522 0.00252631
523 0.00251967
524 0.00251305
525 0.00250645
526 0.00249986
527 0.00249329
528 0.00248673
529 0.0024802
530 0.00247368
531 0.00246718
532 0.00246069
533 0.00245422
534 0.00244777
535 0.00244134
536 0.00243492
537 0.00242852
538 0.00242214
539 0.00241577
540 0.00240942
541 0.00240309
542 0.00239677
543 0.00239047
544 0.00238419
545 0.00237792
546 0.00237167
547 0.00236544
548 0.00235922
549 0.00235302
550 0.00234684
551 0.00234067
552 0.00233452
553 0.00232838
554 0.00232226
555 0.00231616
556 0.00231007
557 0.002304
558 0.00229794
559 0.0022919
560 0.00228588
561 0.00227987
562 0.00227388
563 0.0022679
564 0.00226194
565 0.00225599
566 0.00225006
567 0.00224415
568 0.00223825
569 0.00223237
570 0.0022265
571 0.00222065
572 0.00221481
573 0.00220899
574 0.00220318
575 0.00219739
576 0.00219162
577 0.00218586
578 0.00218011
579 0.00217438
580 0.00216866
581 0.00216296
582 0.00215728
583 0.00215161
584 0.00214595
585 0.00214031
586 0.00213469
587 0.00212908
588 0.00212348
589 0.0021179
590 0.00211233
591 0.00210678
592 0.00210124
593 0.00209572
594 0.00209021
595 0.00208472
596 0.00207924
597 0.00207377
598 0.00206832
599 0.00206289
600 0.00205746
601 0.00205206
602 0.00204666
603 0.00204128
604 0.00203592
605 0.00203057
606 0.00202523
607 0.00201991
608 0.0020146
609 0.0020093
610 0.00200402
611 0.00199875
612 0.0019935
613 0.00198826
614 0.00198303
615 0.00197782
616 0.00197262
617 0.00196744
618 0.00196227
619 0.00195711
620 0.00195196
621 0.00194683
622 0.00194172
623 0.00193661
624 0.00193152
625 0.00192645
626 0.00192138
627 0.00191633
628 0.00191129
629 0.00190627
630 0.00190126
631 0.00189626
632 0.00189128
633 0.00188631
634 0.00188135
635 0.0018764
636 0.00187147
637 0.00186655
638 0.00186165
639 0.00185675
640 0.00185187
641 0.00184701
642 0.00184215
643 0.00183731
644 0.00183248
645 0.00182766
646 0.00182286
647 0.00181807
648 0.00181329
649 0.00180852
650 0.00180377
651 0.00179903
652 0.0017943
653 0.00178958
654 0.00178488
655 0.00178019
656 0.00177551
657 0.00177084
658 0.00176619
659 0.00176155
660 0.00175692
661 0.0017523
662 0.00174769
663 0.0017431
664 0.00173852
665 0.00173395
666 0.00172939
667 0.00172484
668 0.00172031
669 0.00171579
670 0.00171128
671 0.00170678
672 0.0017023
673 0.00169782
674 0.00169336
675 0.00168891
676 0.00168447
677 0.00168004
678 0.00167562
679 0.00167122
680 0.00166683
681 0.00166245
682 0.00165808
683 0.00165372
684 0.00164937
685 0.00164504
686 0.00164071
687 0.0016364
688 0.0016321
689 0.00162781
690 0.00162353
691 0.00161926
692 0.00161501
693 0.00161076
694 0.00160653
695 0.00160231
696 0.00159809
697 0.00159389
698 0.0015897
699 0.00158553
700 0.00158136
701 0.0015772
702 0.00157306
703 0.00156892
704 0.0015648
705 0.00156069
706 0.00155658
707 0.00155249
708 0.00154841
709 0.00154434
710 0.00154028
711 0.00153623
712 0.0015322
713 0.00152817
714 0.00152415
715 0.00152015
716 0.00151615
717 0.00151216
718 0.00150819
719 0.00150423
720 0.00150027
721 0.00149633
722 0.0014924
723 0.00148847
724 0.00148456
725 0.00148066
726 0.00147677
727 0.00147289
728 0.00146901
729 0.00146515
730 0.0014613
731 0.00145746
732 0.00145363
733 0.00144981
734 0.001446
735 0.0014422
736 0.00143841
737 0.00143463
738 0.00143086
739 0.00142709
740 0.00142334
741 0.0014196
742 0.00141587
743 0.00141215
744 0.00140844
745 0.00140474
746 0.00140104
747 0.00139736
748 0.00139369
749 0.00139003
750 0.00138637
751 0.00138273
752 0.00137909
753 0.00137547
754 0.00137185
755 0.00136825
756 0.00136465
757 0.00136106
758 0.00135749
759 0.00135392
760 0.00135036
761 0.00134681
762 0.00134327
763 0.00133974
764 0.00133622
765 0.00133271
766 0.0013292
767 0.00132571
768 0.00132222
769 0.00131875
770 0.00131528
771 0.00131183
772 0.00130838
773 0.00130494
774 0.00130151
775 0.00129809
776 0.00129468
777 0.00129127
778 0.00128788
779 0.00128449
780 0.00128112
781 0.00127775
782 0.00127439
783 0.00127104
784 0.0012677
785 0.00126437
786 0.00126105
787 0.00125773
788 0.00125443
789 0.00125113
790 0.00124784
791 0.00124456
792 0.00124129
793 0.00123803
794 0.00123477
795 0.00123153
796 0.00122829
797 0.00122506
798 0.00122184
799 0.00121863
800 0.00121543
801 0.00121223
802 0.00120905
803 0.00120587
804 0.0012027
805 0.00119954
806 0.00119638
807 0.00119324
808 0.0011901
809 0.00118698
810 0.00118386
811 0.00118074
812 0.00117764
813 0.00117454
814 0.00117146
815 0.00116838
816 0.00116531
817 0.00116224
818 0.00115919
819 0.00115614
820 0.0011531
821 0.00115007
822 0.00114705
823 0.00114404
824 0.00114103
825 0.00113803
826 0.00113504
827 0.00113205
828 0.00112908
829 0.00112611
830 0.00112315
831 0.0011202
832 0.00111725
833 0.00111432
834 0.00111139
835 0.00110847
836 0.00110555
837 0.00110265
838 0.00109975
839 0.00109686
840 0.00109398
841 0.0010911
842 0.00108823
843 0.00108537
844 0.00108252
845 0.00107967
846 0.00107684
847 0.00107401
848 0.00107118
849 0.00106837
850 0.00106556
851 0.00106276
852 0.00105997
853 0.00105718
854 0.0010544
855 0.00105163
856 0.00104887
857 0.00104611
858 0.00104336
859 0.00104062
860 0.00103788
861 0.00103515
862 0.00103243
863 0.00102972
864 0.00102701
865 0.00102431
866 0.00102162
867 0.00101894
868 0.00101626
869 0.00101359
870 0.00101092
871 0.00100826
872 0.00100561
873 0.00100297
874 0.00100034
875 0.000997706
876 0.000995083
877 0.000992468
878 0.000989859
879 0.000987258
880 0.000984663
881 0.000982074
882 0.000979493
883 0.000976919
884 0.000974351
885 0.00097179
886 0.000969236
887 0.000966688
888 0.000964147
889 0.000961613
890 0.000959085
891 0.000956565
892 0.00095405
893 0.000951543
894 0.000949042
895 0.000946547
896 0.000944059
897 0.000941578
898 0.000939103
899 0.000936634
900 0.000934173
901 0.000931717
902 0.000929268
903 0.000926826
904 0.00092439
905 0.00092196
906 0.000919537
907 0.00091712
908 0.000914709
909 0.000912305
910 0.000909907
911 0.000907515
912 0.00090513
913 0.000902751
914 0.000900378
915 0.000898011
916 0.000895651
917 0.000893297
918 0.000890949
919 0.000888607
920 0.000886271
921 0.000883942
922 0.000881619
923 0.000879301
924 0.00087699
925 0.000874685
926 0.000872386
927 0.000870093
928 0.000867806
929 0.000865525
930 0.00086325
931 0.000860981
932 0.000858718
933 0.000856461
934 0.00085421
935 0.000851965
936 0.000849725
937 0.000847492
938 0.000845264
939 0.000843042
940 0.000840827
941 0.000838617
942 0.000836412
943 0.000834214
944 0.000832021
945 0.000829834
946 0.000827653
947 0.000825478
948 0.000823308
949 0.000821144
950 0.000818986
951 0.000816833
952 0.000814686
953 0.000812545
954 0.000810409
955 0.000808279
956 0.000806154
957 0.000804035
958 0.000801922
959 0.000799814
960 0.000797712
961 0.000795615
962 0.000793524
963 0.000791438
964 0.000789358
965 0.000787283
966 0.000785214
967 0.00078315
968 0.000781092
969 0.000779039
970 0.000776991
971 0.000774949
972 0.000772912
973 0.00077088
974 0.000768854
975 0.000766833
976 0.000764818
977 0.000762807
978 0.000760802
979 0.000758803
980 0.000756808
981 0.000754819
982 0.000752835
983 0.000750856
984 0.000748883
985 0.000746914
986 0.000744951
987 0.000742993
988 0.00074104
989 0.000739092
990 0.00073715
991 0.000735212
992 0.00073328
993 0.000731352
994 0.00072943
995 0.000727513
996 0.0007256
997 0.000723693
998 0.000721791
999 0.000719894
1000 0.000718002
1001 0.000716114
1002 0.000714232
1003 0.000712355
1004 0.000710482
1005 0.000708615
1006 0.000706752
1007 0.000704895
1008 0.000703042
1009 0.000701194
1010 0.000699351
1011 0.000697513
1012 0.00069568
1013 0.000693851
1014 0.000692027
1015 0.000690208
1016 0.000688394
1017 0.000686585
1018 0.00068478
1019 0.00068298
1020 0.000681185
1021 0.000679395
1022 0.000677609
1023 0.000675828
1024 0.000674051
1025 0.00067228
1026 0.000670513
1027 0.00066875
1028 0.000666993
1029 0.000665239
1030 0.000663491
1031 0.000661747
1032 0.000660008
1033 0.000658273
1034 0.000656543
1035 0.000654817
1036 0.000653096
1037 0.000651379
1038 0.000649667
1039 0.000647959
1040 0.000646256
1041 0.000644558
1042 0.000642863
1043 0.000641174
1044 0.000639488
1045 0.000637808
1046 0.000636131
1047 0.000634459
1048 0.000632791
1049 0.000631128
1050 0.000629469
1051 0.000627815
1052 0.000626165
1053 0.000624519
1054 0.000622877
1055 0.00062124
1056 0.000619607
1057 0.000617979
1058 0.000616354
1059 0.000614734
1060 0.000613119
1061 0.000611507
1062 0.0006099
1063 0.000608297
1064 0.000606698
1065 0.000605103
1066 0.000603513
1067 0.000601926
1068 0.000600344
1069 0.000598766
1070 0.000597192
1071 0.000595623
1072 0.000594057
1073 0.000592496
1074 0.000590938
1075 0.000589385
1076 0.000587836
1077 0.000586291
1078 0.00058475
1079 0.000583213
1080 0.00058168
1081 0.000580151
1082 0.000578626
1083 0.000577105
1084 0.000575588
1085 0.000574076
1086 0.000572567
1087 0.000571062
1088 0.000569561
1089 0.000568064
1090 0.00056657
1091 0.000565081
1092 0.000563596
1093 0.000562115
1094 0.000560637
1095 0.000559164
1096 0.000557694
1097 0.000556228
1098 0.000554766
1099 0.000553308
1100 0.000551853
1101 0.000550403
1102 0.000548956
1103 0.000547513
1104 0.000546074
1105 0.000544639
1106 0.000543207
1107 0.00054178
1108 0.000540356
1109 0.000538935
1110 0.000537519
1111 0.000536106
1112 0.000534697
1113 0.000533291
1114 0.00053189
1115 0.000530492
1116 0.000529097
1117 0.000527707
1118 0.00052632
1119 0.000524936
1120 0.000523556
1121 0.00052218
1122 0.000520808
1123 0.000519439
1124 0.000518073
1125 0.000516712
1126 0.000515354
1127 0.000513999
1128 0.000512648
1129 0.000511301
1130 0.000509957
1131 0.000508616
1132 0.000507279
1133 0.000505946
1134 0.000504616
1135 0.00050329
1136 0.000501967
1137 0.000500648
1138 0.000499332
1139 0.000498019
1140 0.00049671
1141 0.000495405
1142 0.000494103
1143 0.000492804
1144 0.000491508
1145 0.000490217
1146 0.000488928
1147 0.000487643
1148 0.000486361
1149 0.000485083
1150 0.000483808
1151 0.000482536
1152 0.000481268
1153 0.000480003
1154 0.000478741
1155 0.000477483
1156 0.000476228
1157 0.000474976
1158 0.000473728
1159 0.000472483
1160 0.000471241
1161 0.000470002
1162 0.000468767
1163 0.000467535
1164 0.000466306
1165 0.00046508
1166 0.000463858
1167 0.000462638
1168 0.000461422
1169 0.00046021
1170 0.000459
1171 0.000457793
1172 0.00045659
1173 0.00045539
1174 0.000454193
1175 0.000452999
1176 0.000451809
1177 0.000450621
1178 0.000449437
1179 0.000448255
1180 0.000447077
1181 0.000445902
1182 0.00044473
1183 0.000443561
1184 0.000442395
1185 0.000441232
1186 0.000440073
1187 0.000438916
1188 0.000437762
1189 0.000436612
1190 0.000435464
1191 0.000434319
1192 0.000433178
1193 0.000432039
1194 0.000430904
1195 0.000429771
1196 0.000428641
1197 0.000427515
1198 0.000426391
1199 0.00042527
1200 0.000424153
1201 0.000423038
1202 0.000421926
1203 0.000420817
1204 0.000419711
1205 0.000418608
1206 0.000417507
1207 0.00041641
1208 0.000415315
1209 0.000414224
1210 0.000413135
1211 0.000412049
1212 0.000410966
1213 0.000409886
1214 0.000408808
1215 0.000407734
1216 0.000406662
1217 0.000405593
1218 0.000404527
1219 0.000403464
1220 0.000402404
1221 0.000401346
1222 0.000400291
1223 0.000399239
1224 0.000398189
1225 0.000397143
1226 0.000396099
1227 0.000395058
1228 0.000394019
1229 0.000392984
1230 0.000391951
1231 0.000390921
1232 0.000389893
1233 0.000388868
1234 0.000387846
1235 0.000386827
1236 0.00038581
1237 0.000384796
1238 0.000383785
1239 0.000382776
1240 0.00038177
1241 0.000380766
1242 0.000379765
1243 0.000378767
1244 0.000377772
1245 0.000376779
1246 0.000375788
1247 0.000374801
1248 0.000373815
1249 0.000372833
1250 0.000371853
1251 0.000370876
1252 0.000369901
1253 0.000368929
1254 0.000367959
1255 0.000366992
1256 0.000366027
1257 0.000365065
1258 0.000364105
1259 0.000363148
1260 0.000362194
1261 0.000361242
1262 0.000360292
1263 0.000359345
1264 0.000358401
1265 0.000357459
1266 0.000356519
1267 0.000355582
1268 0.000354648
1269 0.000353715
1270 0.000352786
1271 0.000351858
1272 0.000350934
1273 0.000350011
1274 0.000349091
1275 0.000348174
1276 0.000347258
1277 0.000346346
1278 0.000345435
1279 0.000344527
1280 0.000343622
1281 0.000342719
1282 0.000341818
1283 0.000340919
1284 0.000340023
1285 0.00033913
1286 0.000338238
1287 0.000337349
1288 0.000336462
1289 0.000335578
1290 0.000334696
1291 0.000333816
1292 0.000332939
1293 0.000332064
1294 0.000331191
1295 0.00033032
1296 0.000329452
1297 0.000328586
1298 0.000327723
1299 0.000326861
1300 0.000326002
1301 0.000325145
1302 0.000324291
1303 0.000323438
1304 0.000322588
1305 0.00032174
1306 0.000320895
1307 0.000320051
1308 0.00031921
1309 0.000318371
1310 0.000317534
1311 0.000316699
1312 0.000315867
1313 0.000315037
1314 0.000314209
1315 0.000313383
1316 0.000312559
1317 0.000311738
1318 0.000310918
1319 0.000310101
1320 0.000309286
1321 0.000308473
1322 0.000307662
1323 0.000306853
1324 0.000306047
1325 0.000305242
1326 0.00030444
1327 0.00030364
1328 0.000302842
1329 0.000302046
1330 0.000301252
1331 0.00030046
1332 0.00029967
1333 0.000298883
1334 0.000298097
1335 0.000297314
1336 0.000296532
1337 0.000295753
1338 0.000294975
1339 0.0002942
1340 0.000293427
1341 0.000292656
1342 0.000291886
1343 0.000291119
1344 0.000290354
1345 0.000289591
1346 0.00028883
1347 0.00028807
1348 0.000287313
1349 0.000286558
1350 0.000285805
1351 0.000285054
1352 0.000284304
1353 0.000283557
1354 0.000282812
1355 0.000282068
1356 0.000281327
1357 0.000280588
1358 0.00027985
1359 0.000279115
1360 0.000278381
1361 0.000277649
1362 0.000276919
1363 0.000276192
1364 0.000275466
1365 0.000274742
1366 0.000274019
1367 0.000273299
1368 0.000272581
1369 0.000271864
1370 0.00027115
1371 0.000270437
1372 0.000269726
1373 0.000269017
1374 0.00026831
1375 0.000267605
1376 0.000266902
1377 0.0002662
1378 0.0002655
1379 0.000264803
1380 0.000264106
1381 0.000263412
1382 0.00026272
1383 0.000262029
1384 0.000261341
1385 0.000260654
1386 0.000259969
1387 0.000259285
1388 0.000258604
1389 0.000257924
1390 0.000257246
1391 0.00025657
1392 0.000255896
1393 0.000255223
1394 0.000254552
1395 0.000253883
1396 0.000253216
1397 0.00025255
1398 0.000251886
1399 0.000251224
1400 0.000250564
1401 0.000249905
1402 0.000249249
1403 0.000248593
1404 0.00024794
1405 0.000247288
1406 0.000246638
1407 0.00024599
1408 0.000245344
1409 0.000244699
1410 0.000244055
1411 0.000243414
1412 0.000242774
1413 0.000242136
1414 0.0002415
1415 0.000240865
1416 0.000240232
1417 0.0002396
1418 0.000238971
1419 0.000238342
1420 0.000237716
1421 0.000237091
1422 0.000236468
1423 0.000235846
1424 0.000235227
1425 0.000234608
1426 0.000233992
1427 0.000233377
1428 0.000232763
1429 0.000232151
1430 0.000231541
1431 0.000230933
1432 0.000230326
1433 0.00022972
1434 0.000229116
1435 0.000228514
1436 0.000227914
1437 0.000227314
1438 0.000226717
1439 0.000226121
1440 0.000225527
1441 0.000224934
1442 0.000224343
1443 0.000223753
1444 0.000223165
1445 0.000222578
1446 0.000221993
1447 0.00022141
1448 0.000220828
1449 0.000220247
1450 0.000219669
1451 0.000219091
1452 0.000218515
1453 0.000217941
1454 0.000217368
1455 0.000216797
1456 0.000216227
1457 0.000215659
1458 0.000215092
1459 0.000214526
1460 0.000213963
1461 0.0002134
1462 0.000212839
1463 0.00021228
1464 0.000211722
1465 0.000211165
1466 0.00021061
1467 0.000210057
1468 0.000209505
1469 0.000208954
1470 0.000208405
1471 0.000207857
1472 0.000207311
1473 0.000206766
1474 0.000206222
1475 0.00020568
1476 0.00020514
1477 0.0002046
1478 0.000204063
1479 0.000203526
1480 0.000202991
1481 0.000202458
1482 0.000201926
1483 0.000201395
1484 0.000200865
1485 0.000200338
1486 0.000199811
1487 0.000199286
1488 0.000198762
1489 0.00019824
1490 0.000197718
1491 0.000197199
1492 0.00019668
1493 0.000196163
1494 0.000195648
1495 0.000195134
1496 0.000194621
1497 0.000194109
1498 0.000193599
1499 0.00019309
1500 0.000192583
1501 0.000192076
1502 0.000191572
1503 0.000191068
1504 0.000190566
1505 0.000190065
1506 0.000189565
1507 0.000189067
1508 0.00018857
1509 0.000188075
1510 0.00018758
1511 0.000187087
1512 0.000186595
1513 0.000186105
1514 0.000185616
1515 0.000185128
1516 0.000184641
1517 0.000184156
1518 0.000183672
1519 0.000183189
1520 0.000182708
1521 0.000182227
1522 0.000181748
1523 0.000181271
1524 0.000180794
1525 0.000180319
1526 0.000179845
1527 0.000179372
1528 0.000178901
1529 0.000178431
1530 0.000177962
1531 0.000177494
1532 0.000177027
1533 0.000176562
1534 0.000176098
1535 0.000175635
1536 0.000175174
1537 0.000174713
1538 0.000174254
1539 0.000173796
1540 0.000173339
1541 0.000172883
1542 0.000172429
1543 0.000171976
1544 0.000171524
1545 0.000171073
1546 0.000170623
1547 0.000170175
1548 0.000169728
1549 0.000169281
1550 0.000168836
1551 0.000168393
1552 0.00016795
1553 0.000167509
1554 0.000167068
1555 0.000166629
1556 0.000166191
1557 0.000165754
1558 0.000165319
1559 0.000164884
1560 0.000164451
1561 0.000164019
1562 0.000163587
1563 0.000163157
1564 0.000162729
1565 0.000162301
1566 0.000161874
1567 0.000161449
1568 0.000161024
1569 0.000160601
1570 0.000160179
1571 0.000159758
1572 0.000159338
1573 0.000158919
1574 0.000158502
1575 0.000158085
1576 0.00015767
1577 0.000157255
1578 0.000156842
1579 0.00015643
1580 0.000156018
1581 0.000155608
1582 0.000155199
1583 0.000154791
1584 0.000154384
1585 0.000153979
1586 0.000153574
1587 0.00015317
1588 0.000152768
1589 0.000152366
1590 0.000151966
1591 0.000151566
1592 0.000151168
1593 0.000150771
1594 0.000150374
1595 0.000149979
1596 0.000149585
1597 0.000149192
1598 0.000148799
1599 0.000148408
1600 0.000148018
1601 0.000147629
1602 0.000147241
1603 0.000146854
1604 0.000146468
1605 0.000146083
1606 0.000145699
1607 0.000145316
1608 0.000144934
1609 0.000144553
1610 0.000144173
1611 0.000143794
1612 0.000143417
1613 0.00014304
1614 0.000142664
1615 0.000142289
1616 0.000141915
1617 0.000141542
1618 0.00014117
1619 0.000140799
1620 0.000140428
1621 0.000140059
1622 0.000139691
1623 0.000139324
1624 0.000138958
1625 0.000138593
1626 0.000138228
1627 0.000137865
1628 0.000137503
1629 0.000137141
1630 0.000136781
1631 0.000136421
1632 0.000136063
1633 0.000135705
1634 0.000135348
1635 0.000134993
1636 0.000134638
1637 0.000134284
1638 0.000133931
1639 0.000133579
1640 0.000133228
1641 0.000132878
1642 0.000132528
1643 0.00013218
1644 0.000131833
1645 0.000131486
1646 0.00013114
1647 0.000130796
1648 0.000130452
1649 0.000130109
1650 0.000129767
1651 0.000129426
1652 0.000129086
1653 0.000128747
1654 0.000128408
1655 0.000128071
1656 0.000127734
1657 0.000127398
1658 0.000127063
1659 0.000126729
1660 0.000126396
1661 0.000126064
1662 0.000125733
1663 0.000125402
1664 0.000125073
1665 0.000124744
1666 0.000124416
1667 0.000124089
1668 0.000123763
1669 0.000123438
1670 0.000123113
1671 0.000122789
1672 0.000122467
1673 0.000122145
1674 0.000121824
1675 0.000121504
1676 0.000121184
1677 0.000120866
1678 0.000120548
1679 0.000120231
1680 0.000119915
1681 0.0001196
1682 0.000119286
1683 0.000118972
1684 0.000118659
1685 0.000118347
1686 0.000118036
1687 0.000117726
1688 0.000117417
1689 0.000117108
1690 0.0001168
1691 0.000116493
1692 0.000116187
1693 0.000115882
1694 0.000115577
1695 0.000115273
1696 0.00011497
1697 0.000114668
1698 0.000114367
1699 0.000114066
1700 0.000113766
1701 0.000113467
1702 0.000113169
1703 0.000112872
1704 0.000112575
1705 0.000112279
1706 0.000111984
1707 0.00011169
1708 0.000111396
1709 0.000111103
1710 0.000110811
1711 0.00011052
1712 0.000110229
1713 0.00010994
1714 0.000109651
1715 0.000109363
1716 0.000109075
1717 0.000108788
1718 0.000108502
1719 0.000108217
1720 0.000107933
1721 0.000107649
1722 0.000107366
1723 0.000107084
1724 0.000106802
1725 0.000106522
1726 0.000106242
1727 0.000105963
1728 0.000105684
1729 0.000105406
1730 0.000105129
1731 0.000104853
1732 0.000104577
1733 0.000104302
1734 0.000104028
1735 0.000103755
1736 0.000103482
1737 0.00010321
1738 0.000102939
1739 0.000102668
1740 0.000102398
1741 0.000102129
1742 0.000101861
1743 0.000101593
1744 0.000101326
1745 0.00010106
1746 0.000100794
1747 0.000100529
1748 0.000100265
1749 0.000100001
1750 9.97385e-05
1751 9.94764e-05
1752 9.92149e-05
1753 9.89541e-05
1754 9.8694e-05
1755 9.84346e-05
1756 9.81759e-05
1757 9.79178e-05
1758 9.76605e-05
1759 9.74038e-05
1760 9.71477e-05
1761 9.68924e-05
1762 9.66377e-05
1763 9.63837e-05
1764 9.61304e-05
1765 9.58777e-05
1766 9.56257e-05
1767 9.53744e-05
1768 9.51237e-05
1769 9.48736e-05
1770 9.46243e-05
1771 9.43756e-05
1772 9.41275e-05
1773 9.38801e-05
1774 9.36333e-05
1775 9.33872e-05
1776 9.31418e-05
1777 9.28969e-05
1778 9.26528e-05
1779 9.24092e-05
1780 9.21663e-05
1781 9.19241e-05
1782 9.16825e-05
1783 9.14415e-05
1784 9.12012e-05
1785 9.09614e-05
1786 9.07223e-05
1787 9.04839e-05
1788 9.02461e-05
1789 9.00089e-05
1790 8.97723e-05
1791 8.95363e-05
1792 8.9301e-05
1793 8.90663e-05
1794 8.88321e-05
1795 8.85987e-05
1796 8.83658e-05
1797 8.81335e-05
1798 8.79019e-05
1799 8.76708e-05
1800 8.74404e-05
1801 8.72106e-05
1802 8.69813e-05
1803 8.67527e-05
1804 8.65247e-05
1805 8.62973e-05
1806 8.60704e-05
1807 8.58442e-05
1808 8.56186e-05
1809 8.53935e-05
1810 8.51691e-05
1811 8.49452e-05
1812 8.47219e-05
1813 8.44992e-05
1814 8.42771e-05
1815 8.40556e-05
1816 8.38347e-05
1817 8.36143e-05
1818 8.33946e-05
1819 8.31754e-05
1820 8.29567e-05
1821 8.27387e-05
1822 8.25212e-05
1823 8.23043e-05
1824 8.2088e-05
1825 8.18722e-05
1826 8.1657e-05
1827 8.14424e-05
1828 8.12283e-05
1829 8.10148e-05
1830 8.08019e-05
1831 8.05895e-05
1832 8.03777e-05
1833 8.01664e-05
1834 7.99557e-05
1835 7.97456e-05
1836 7.95359e-05
1837 7.93269e-05
1838 7.91184e-05
1839 7.89104e-05
1840 7.8703e-05
1841 7.84962e-05
1842 7.82898e-05
1843 7.80841e-05
1844 7.78788e-05
1845 7.76741e-05
1846 7.747e-05
1847 7.72663e-05
1848 7.70632e-05
1849 7.68607e-05
1850 7.66587e-05
1851 7.64572e-05
1852 7.62562e-05
1853 7.60558e-05
1854 7.58559e-05
1855 7.56565e-05
1856 7.54576e-05
1857 7.52593e-05
1858 7.50615e-05
1859 7.48642e-05
1860 7.46674e-05
1861 7.44711e-05
1862 7.42754e-05
1863 7.40802e-05
1864 7.38855e-05
1865 7.36913e-05
1866 7.34976e-05
1867 7.33044e-05
1868 7.31117e-05
1869 7.29195e-05
1870 7.27279e-05
1871 7.25367e-05
1872 7.23461e-05
1873 7.21559e-05
1874 7.19662e-05
1875 7.17771e-05
1876 7.15884e-05
1877 7.14003e-05
1878 7.12126e-05
1879 7.10254e-05
1880 7.08387e-05
1881 7.06525e-05
1882 7.04668e-05
1883 7.02816e-05
1884 7.00969e-05
1885 6.99126e-05
1886 6.97289e-05
1887 6.95456e-05
1888 6.93628e-05
1889 6.91805e-05
1890 6.89986e-05
1891 6.88173e-05
1892 6.86364e-05
1893 6.8456e-05
1894 6.82761e-05
1895 6.80966e-05
1896 6.79176e-05
1897 6.77391e-05
1898 6.75611e-05
1899 6.73835e-05
1900 6.72064e-05
1901 6.70297e-05
1902 6.68535e-05
1903 6.66778e-05
1904 6.65026e-05
1905 6.63278e-05
1906 6.61534e-05
1907 6.59795e-05
1908 6.58061e-05
1909 6.56331e-05
1910 6.54606e-05
1911 6.52886e-05
1912 6.5117e-05
1913 6.49458e-05
1914 6.47751e-05
1915 6.46049e-05
1916 6.4435e-05
1917 6.42657e-05
1918 6.40968e-05
1919 6.39283e-05
1920 6.37603e-05
1921 6.35927e-05
1922 6.34255e-05
1923 6.32588e-05
1924 6.30925e-05
1925 6.29267e-05
1926 6.27613e-05
1927 6.25963e-05
1928 6.24318e-05
1929 6.22677e-05
1930 6.2104e-05
1931 6.19408e-05
1932 6.1778e-05
1933 6.16156e-05
1934 6.14537e-05
1935 6.12921e-05
1936 6.1131e-05
1937 6.09704e-05
1938 6.08101e-05
1939 6.06503e-05
1940 6.04909e-05
1941 6.03319e-05
1942 6.01733e-05
1943 6.00151e-05
1944 5.98574e-05
1945 5.97e-05
1946 5.95431e-05
1947 5.93866e-05
1948 5.92305e-05
1949 5.90748e-05
1950 5.89196e-05
1951 5.87647e-05
1952 5.86102e-05
1953 5.84562e-05
1954 5.83025e-05
1955 5.81493e-05
1956 5.79965e-05
1957 5.7844e-05
1958 5.7692e-05
1959 5.75403e-05
1960 5.73891e-05
1961 5.72383e-05
1962 5.70878e-05
1963 5.69378e-05
1964 5.67881e-05
1965 5.66388e-05
1966 5.649e-05
1967 5.63415e-05
1968 5.61934e-05
1969 5.60457e-05
1970 5.58984e-05
1971 5.57515e-05
1972 5.56049e-05
1973 5.54588e-05
1974 5.5313e-05
1975 5.51676e-05
1976 5.50226e-05
1977 5.4878e-05
1978 5.47337e-05
1979 5.45899e-05
1980 5.44464e-05
1981 5.43033e-05
1982 5.41605e-05
1983 5.40182e-05
1984 5.38762e-05
1985 5.37346e-05
1986 5.35934e-05
1987 5.34525e-05
1988 5.3312e-05
1989 5.31719e-05
1990 5.30321e-05
1991 5.28927e-05
1992 5.27537e-05
1993 5.2615e-05
1994 5.24767e-05
1995 5.23388e-05
1996 5.22012e-05
1997 5.2064e-05
1998 5.19272e-05
1999 5.17907e-05
