0 0.00998027
1 0.00995403
2 0.00995914
3 0.00994574
4 0.00994316
5 0.00993434
6 0.00992908
7 0.00992182
8 0.00991568
9 0.00990894
10 0.00990253
11 0.00989595
12 0.00988946
13 0.00988293
14 0.00987643
15 0.00986993
16 0.00986343
17 0.00985693
18 0.00985044
19 0.00984395
20 0.00983747
21 0.00983099
22 0.00982451
23 0.00981805
24 0.00981158
25 0.00980512
26 0.00979866
27 0.00979221
28 0.00978576
29 0.00977931
30 0.00977287
31 0.00976644
32 0.00976001
33 0.00975358
34 0.00974715
35 0.00974074
36 0.00973432
37 0.00972791
38 0.0097215
39 0.0097151
40 0.0097087
41 0.00970231
42 0.00969592
43 0.00968953
44 0.00968315
45 0.00967678
46 0.0096704
47 0.00966403
48 0.00965767
49 0.00965131
50 0.00964495
51 0.0096386
52 0.00963225
53 0.00962591
54 0.00961957
55 0.00961324
56 0.0096069
57 0.00960058
58 0.00959426
59 0.00958794
60 0.00958162
61 0.00957531
62 0.00956901
63 0.0095627
64 0.00955641
65 0.00955011
66 0.00954382
67 0.00953754
68 0.00953126
69 0.00952498
70 0.00951871
71 0.00951244
72 0.00950617
73 0.00949991
74 0.00949366
75 0.00948741
76 0.00948116
77 0.00947491
78 0.00946867
79 0.00946244
80 0.00945621
81 0.00944998
82 0.00944375
83 0.00943754
84 0.00943132
85 0.00942511
86 0.0094189
87 0.0094127
88 0.0094065
89 0.00940031
90 0.00939411
91 0.00938793
92 0.00938175
93 0.00937557
94 0.00936939
95 0.00936322
96 0.00935706
97 0.00935089
98 0.00934473
99 0.00933858
100 0.00933243
101 0.00932628
102 0.00932014
103 0.009314
104 0.00930787
105 0.00930174
106 0.00929561
107 0.00928949
108 0.00928338
109 0.00927726
110 0.00927115
111 0.00926505
112 0.00925894
113 0.00925285
114 0.00924675
115 0.00924066
116 0.00923458
117 0.0092285
118 0.00922242
119 0.00921635
120 0.00921028
121 0.00920421
122 0.00919815
123 0.00919209
124 0.00918604
125 0.00917999
126 0.00917394
127 0.0091679
128 0.00916186
129 0.00915583
130 0.0091498
131 0.00914377
132 0.00913775
133 0.00913173
134 0.00912572
135 0.00911971
136 0.0091137
137 0.0091077
138 0.0091017
139 0.00909571
140 0.00908972
141 0.00908373
142 0.00907775
143 0.00907177
144 0.0090658
145 0.00905983
146 0.00905386
147 0.0090479
148 0.00904194
149 0.00903599
150 0.00903003
151 0.00902409
152 0.00901814
153 0.00901221
154 0.00900627
155 0.00900034
156 0.00899441
157 0.00898849
158 0.00898257
159 0.00897665
160 0.00897074
161 0.00896483
162 0.00895893
163 0.00895303
164 0.00894713
165 0.00894124
166 0.00893535
167 0.00892947
168 0.00892359
169 0.00891771
170 0.00891184
171 0.00890597
172 0.0089001
173 0.00889424
174 0.00888838
175 0.00888253
176 0.00887668
177 0.00887084
178 0.00886499
179 0.00885916
180 0.00885332
181 0.00884749
182 0.00884166
183 0.00883584
184 0.00883002
185 0.00882421
186 0.0088184
187 0.00881259
188 0.00880678
189 0.00880098
190 0.00879519
191 0.0087894
192 0.00878361
193 0.00877782
194 0.00877204
195 0.00876627
196 0.00876049
197 0.00875472
198 0.00874896
199 0.0087432
200 0.00873744
201 0.00873168
202 0.00872593
203 0.00872019
204 0.00871444
205 0.0087087
206 0.00870297
207 0.00869724
208 0.00869151
209 0.00868579
210 0.00868007
211 0.00867435
212 0.00866864
213 0.00866293
214 0.00865722
215 0.00865152
216 0.00864582
217 0.00864013
218 0.00863444
219 0.00862875
220 0.00862307
221 0.00861739
222 0.00861172
223 0.00860604
224 0.00860038
225 0.00859471
226 0.00858905
227 0.0085834
228 0.00857774
229 0.00857209
230 0.00856645
231 0.00856081
232 0.00855517
233 0.00854954
234 0.00854391
235 0.00853828
236 0.00853266
237 0.00852704
238 0.00852142
239 0.00851581
240 0.0085102
241 0.0085046
242 0.00849899
243 0.0084934
244 0.0084878
245 0.00848221
246 0.00847663
247 0.00847105
248 0.00846547
249 0.00845989
250 0.00845432
251 0.00844875
252 0.00844319
253 0.00843763
254 0.00843207
255 0.00842652
256 0.00842097
257 0.00841542
258 0.00840988
259 0.00840434
260 0.00839881
261 0.00839328
262 0.00838775
263 0.00838223
264 0.0083767
265 0.00837119
266 0.00836568
267 0.00836017
268 0.00835466
269 0.00834916
270 0.00834366
271 0.00833816
272 0.00833267
273 0.00832719
274 0.0083217
275 0.00831622
276 0.00831074
277 0.00830527
278 0.0082998
279 0.00829434
280 0.00828887
281 0.00828341
282 0.00827796
283 0.00827251
284 0.00826706
285 0.00826162
286 0.00825617
287 0.00825074
288 0.0082453
289 0.00823987
290 0.00823445
291 0.00822902
292 0.0082236
293 0.00821819
294 0.00821278
295 0.00820737
296 0.00820196
297 0.00819656
298 0.00819116
299 0.00818577
300 0.00818038
301 0.00817499
302 0.00816961
303 0.00816423
304 0.00815885
305 0.00815348
306 0.00814811
307 0.00814274
308 0.00813738
309 0.00813202
310 0.00812666
311 0.00812131
312 0.00811596
313 0.00811062
314 0.00810528
315 0.00809994
316 0.0080946
317 0.00808927
318 0.00808395
319 0.00807862
320 0.0080733
321 0.00806799
322 0.00806267
323 0.00805736
324 0.00805206
325 0.00804675
326 0.00804145
327 0.00803616
328 0.00803087
329 0.00802558
330 0.00802029
331 0.00801501
332 0.00800973
333 0.00800446
334 0.00799918
335 0.00799392
336 0.00798865
337 0.00798339
338 0.00797813
339 0.00797288
340 0.00796763
341 0.00796238
342 0.00795714
343 0.0079519
344 0.00794666
345 0.00794143
346 0.0079362
347 0.00793097
348 0.00792575
349 0.00792053
350 0.00791531
351 0.0079101
352 0.00790489
353 0.00789968
354 0.00789448
355 0.00788928
356 0.00788409
357 0.00787889
358 0.00787371
359 0.00786852
360 0.00786334
361 0.00785816
362 0.00785298
363 0.00784781
364 0.00784264
365 0.00783748
366 0.00783232
367 0.00782716
368 0.007822
369 0.00781685
370 0.00781171
371 0.00780656
372 0.00780142
373 0.00779628
374 0.00779115
375 0.00778602
376 0.00778089
377 0.00777576
378 0.00777064
379 0.00776553
380 0.00776041
381 0.0077553
382 0.00775019
383 0.00774509
384 0.00773999
385 0.00773489
386 0.0077298
387 0.00772471
388 0.00771962
389 0.00771454
390 0.00770946
391 0.00770438
392 0.0076993
393 0.00769423
394 0.00768917
395 0.0076841
396 0.00767904
397 0.00767399
398 0.00766893
399 0.00766388
400 0.00765883
401 0.00765379
402 0.00764875
403 0.00764371
404 0.00763868
405 0.00763365
406 0.00762862
407 0.0076236
408 0.00761858
409 0.00761356
410 0.00760854
411 0.00760353
412 0.00759853
413 0.00759352
414 0.00758852
415 0.00758352
416 0.00757853
417 0.00757354
418 0.00756855
419 0.00756357
420 0.00755859
421 0.00755361
422 0.00754863
423 0.00754366
424 0.00753869
425 0.00753373
426 0.00752877
427 0.00752381
428 0.00751885
429 0.0075139
430 0.00750895
431 0.00750401
432 0.00749907
433 0.00749413
434 0.00748919
435 0.00748426
436 0.00747933
437 0.00747441
438 0.00746948
439 0.00746456
440 0.00745965
441 0.00745474
442 0.00744983
443 0.00744492
444 0.00744002
445 0.00743512
446 0.00743022
447 0.00742533
448 0.00742044
449 0.00741555
450 0.00741067
451 0.00740579
452 0.00740091
453 0.00739604
454 0.00739116
455 0.0073863
456 0.00738143
457 0.00737657
458 0.00737171
459 0.00736686
460 0.00736201
461 0.00735716
462 0.00735231
463 0.00734747
464 0.00734263
465 0.0073378
466 0.00733296
467 0.00732814
468 0.00732331
469 0.00731849
470 0.00731367
471 0.00730885
472 0.00730404
473 0.00729923
474 0.00729442
475 0.00728962
476 0.00728481
477 0.00728002
478 0.00727522
479 0.00727043
480 0.00726564
481 0.00726086
482 0.00725608
483 0.0072513
484 0.00724652
485 0.00724175
486 0.00723698
487 0.00723221
488 0.00722745
489 0.00722269
490 0.00721794
491 0.00721318
492 0.00720843
493 0.00720368
494 0.00719894
495 0.0071942
496 0.00718946
497 0.00718473
498 0.00718
499 0.00717527
500 0.00717054
501 0.00716582
502 0.0071611
503 0.00715638
504 0.00715167
505 0.00714696
506 0.00714225
507 0.00713755
508 0.00713285
509 0.00712815
510 0.00712346
511 0.00711877
512 0.00711408
513 0.00710939
514 0.00710471
515 0.00710003
516 0.00709536
517 0.00709068
518 0.00708601
519 0.00708135
520 0.00707668
521 0.00707202
522 0.00706737
523 0.00706271
524 0.00705806
525 0.00705341
526 0.00704877
527 0.00704412
528 0.00703949
529 0.00703485
530 0.00703022
531 0.00702559
532 0.00702096
533 0.00701634
534 0.00701172
535 0.0070071
536 0.00700248
537 0.00699787
538 0.00699326
539 0.00698866
540 0.00698406
541 0.00697946
542 0.00697486
543 0.00697027
544 0.00696568
545 0.00696109
546 0.0069565
547 0.00695192
548 0.00694734
549 0.00694277
550 0.0069382
551 0.00693363
552 0.00692906
553 0.0069245
554 0.00691994
555 0.00691538
556 0.00691083
557 0.00690627
558 0.00690173
559 0.00689718
560 0.00689264
561 0.0068881
562 0.00688356
563 0.00687903
564 0.0068745
565 0.00686997
566 0.00686545
567 0.00686093
568 0.00685641
569 0.00685189
570 0.00684738
571 0.00684287
572 0.00683836
573 0.00683386
574 0.00682936
575 0.00682486
576 0.00682037
577 0.00681588
578 0.00681139
579 0.0068069
580 0.00680242
581 0.00679794
582 0.00679346
583 0.00678899
584 0.00678452
585 0.00678005
586 0.00677558
587 0.00677112
588 0.00676666
589 0.00676221
590 0.00675775
591 0.0067533
592 0.00674885
593 0.00674441
594 0.00673997
595 0.00673553
596 0.00673109
597 0.00672666
598 0.00672223
599 0.0067178
600 0.00671338
601 0.00670896
602 0.00670454
603 0.00670013
604 0.00669571
605 0.0066913
606 0.0066869
607 0.00668249
608 0.00667809
609 0.00667369
610 0.0066693
611 0.00666491
612 0.00666052
613 0.00665613
614 0.00665175
615 0.00664737
616 0.00664299
617 0.00663861
618 0.00663424
619 0.00662987
620 0.00662551
621 0.00662114
622 0.00661678
623 0.00661243
624 0.00660807
625 0.00660372
626 0.00659937
627 0.00659502
628 0.00659068
629 0.00658634
630 0.006582
631 0.00657767
632 0.00657334
633 0.00656901
634 0.00656468
635 0.00656036
636 0.00655604
637 0.00655172
638 0.0065474
639 0.00654309
640 0.00653878
641 0.00653448
642 0.00653017
643 0.00652587
644 0.00652158
645 0.00651728
646 0.00651299
647 0.0065087
648 0.00650441
649 0.00650013
650 0.00649585
651 0.00649157
652 0.0064873
653 0.00648302
654 0.00647875
655 0.00647449
656 0.00647022
657 0.00646596
658 0.0064617
659 0.00645745
660 0.0064532
661 0.00644895
662 0.0064447
663 0.00644045
664 0.00643621
665 0.00643197
666 0.00642774
667 0.0064235
668 0.00641927
669 0.00641505
670 0.00641082
671 0.0064066
672 0.00640238
673 0.00639816
674 0.00639395
675 0.00638974
676 0.00638553
677 0.00638133
678 0.00637712
679 0.00637292
680 0.00636873
681 0.00636453
682 0.00636034
683 0.00635615
684 0.00635197
685 0.00634778
686 0.0063436
687 0.00633943
688 0.00633525
689 0.00633108
690 0.00632691
691 0.00632274
692 0.00631858
693 0.00631442
694 0.00631026
695 0.0063061
696 0.00630195
697 0.0062978
698 0.00629365
699 0.00628951
700 0.00628537
701 0.00628123
702 0.00627709
703 0.00627296
704 0.00626882
705 0.0062647
706 0.00626057
707 0.00625645
708 0.00625233
709 0.00624821
710 0.00624409
711 0.00623998
712 0.00623587
713 0.00623177
714 0.00622766
715 0.00622356
716 0.00621946
717 0.00621537
718 0.00621127
719 0.00620718
720 0.00620309
721 0.00619901
722 0.00619493
723 0.00619085
724 0.00618677
725 0.0061827
726 0.00617862
727 0.00617455
728 0.00617049
729 0.00616642
730 0.00616236
731 0.00615831
732 0.00615425
733 0.0061502
734 0.00614615
735 0.0061421
736 0.00613805
737 0.00613401
738 0.00612997
739 0.00612593
740 0.0061219
741 0.00611787
742 0.00611384
743 0.00610981
744 0.00610579
745 0.00610177
746 0.00609775
747 0.00609373
748 0.00608972
749 0.00608571
750 0.0060817
751 0.0060777
752 0.00607369
753 0.00606969
754 0.0060657
755 0.0060617
756 0.00605771
757 0.00605372
758 0.00604973
759 0.00604575
760 0.00604177
761 0.00603779
762 0.00603381
763 0.00602984
764 0.00602587
765 0.0060219
766 0.00601793
767 0.00601397
768 0.00601001
769 0.00600605
770 0.0060021
771 0.00599814
772 0.00599419
773 0.00599025
774 0.0059863
775 0.00598236
776 0.00597842
777 0.00597448
778 0.00597055
779 0.00596662
780 0.00596269
781 0.00595876
782 0.00595484
783 0.00595091
784 0.00594699
785 0.00594308
786 0.00593916
787 0.00593525
788 0.00593134
789 0.00592744
790 0.00592353
791 0.00591963
792 0.00591573
793 0.00591184
794 0.00590795
795 0.00590405
796 0.00590017
797 0.00589628
798 0.0058924
799 0.00588852
800 0.00588464
801 0.00588076
802 0.00587689
803 0.00587302
804 0.00586915
805 0.00586529
806 0.00586142
807 0.00585756
808 0.00585371
809 0.00584985
810 0.005846
811 0.00584215
812 0.0058383
813 0.00583446
814 0.00583061
815 0.00582677
816 0.00582294
817 0.0058191
818 0.00581527
819 0.00581144
820 0.00580761
821 0.00580379
822 0.00579997
823 0.00579615
824 0.00579233
825 0.00578851
826 0.0057847
827 0.00578089
828 0.00577709
829 0.00577328
830 0.00576948
831 0.00576568
832 0.00576188
833 0.00575809
834 0.0057543
835 0.00575051
836 0.00574672
837 0.00574293
838 0.00573915
839 0.00573537
840 0.0057316
841 0.00572782
842 0.00572405
843 0.00572028
844 0.00571651
845 0.00571275
846 0.00570898
847 0.00570522
848 0.00570147
849 0.00569771
850 0.00569396
851 0.00569021
852 0.00568646
853 0.00568272
854 0.00567898
855 0.00567524
856 0.0056715
857 0.00566776
858 0.00566403
859 0.0056603
860 0.00565657
861 0.00565285
862 0.00564912
863 0.0056454
864 0.00564169
865 0.00563797
866 0.00563426
867 0.00563055
868 0.00562684
869 0.00562313
870 0.00561943
871 0.00561573
872 0.00561203
873 0.00560834
874 0.00560464
875 0.00560095
876 0.00559726
877 0.00559358
878 0.00558989
879 0.00558621
880 0.00558253
881 0.00557886
882 0.00557518
883 0.00557151
884 0.00556784
885 0.00556417
886 0.00556051
887 0.00555685
888 0.00555319
889 0.00554953
890 0.00554588
891 0.00554222
892 0.00553857
893 0.00553493
894 0.00553128
895 0.00552764
896 0.005524
897 0.00552036
898 0.00551672
899 0.00551309
900 0.00550946
901 0.00550583
902 0.00550221
903 0.00549858
904 0.00549496
905 0.00549134
906 0.00548773
907 0.00548411
908 0.0054805
909 0.00547689
910 0.00547328
911 0.00546968
912 0.00546608
913 0.00546248
914 0.00545888
915 0.00545529
916 0.00545169
917 0.0054481
918 0.00544451
919 0.00544093
920 0.00543735
921 0.00543377
922 0.00543019
923 0.00542661
924 0.00542304
925 0.00541947
926 0.0054159
927 0.00541233
928 0.00540876
929 0.0054052
930 0.00540164
931 0.00539809
932 0.00539453
933 0.00539098
934 0.00538743
935 0.00538388
936 0.00538033
937 0.00537679
938 0.00537325
939 0.00536971
940 0.00536617
941 0.00536264
942 0.00535911
943 0.00535558
944 0.00535205
945 0.00534853
946 0.00534501
947 0.00534149
948 0.00533797
949 0.00533445
950 0.00533094
951 0.00532743
952 0.00532392
953 0.00532041
954 0.00531691
955 0.00531341
956 0.00530991
957 0.00530641
958 0.00530292
959 0.00529943
960 0.00529594
961 0.00529245
962 0.00528896
963 0.00528548
964 0.005282
965 0.00527852
966 0.00527504
967 0.00527157
968 0.0052681
969 0.00526463
970 0.00526116
971 0.0052577
972 0.00525423
973 0.00525077
974 0.00524732
975 0.00524386
976 0.00524041
977 0.00523696
978 0.00523351
979 0.00523006
980 0.00522662
981 0.00522317
982 0.00521973
983 0.0052163
984 0.00521286
985 0.00520943
986 0.005206
987 0.00520257
988 0.00519914
989 0.00519572
990 0.0051923
991 0.00518888
992 0.00518546
993 0.00518204
994 0.00517863
995 0.00517522
996 0.00517181
997 0.00516841
998 0.005165
999 0.0051616
1000 0.0051582
1001 0.00515481
1002 0.00515141
1003 0.00514802
1004 0.00514463
1005 0.00514124
1006 0.00513785
1007 0.00513447
1008 0.00513109
1009 0.00512771
1010 0.00512433
1011 0.00512096
1012 0.00511759
1013 0.00511422
1014 0.00511085
1015 0.00510748
1016 0.00510412
1017 0.00510076
1018 0.0050974
1019 0.00509404
1020 0.00509069
1021 0.00508733
1022 0.00508398
1023 0.00508063
1024 0.00507729
1025 0.00507394
1026 0.0050706
1027 0.00506726
1028 0.00506393
1029 0.00506059
1030 0.00505726
1031 0.00505393
1032 0.0050506
1033 0.00504727
1034 0.00504395
1035 0.00504063
1036 0.00503731
1037 0.00503399
1038 0.00503068
1039 0.00502736
1040 0.00502405
1041 0.00502074
1042 0.00501744
1043 0.00501413
1044 0.00501083
1045 0.00500753
1046 0.00500423
1047 0.00500094
1048 0.00499764
1049 0.00499435
1050 0.00499106
1051 0.00498778
1052 0.00498449
1053 0.00498121
1054 0.00497793
1055 0.00497465
1056 0.00497137
1057 0.0049681
1058 0.00496483
1059 0.00496156
1060 0.00495829
1061 0.00495503
1062 0.00495176
1063 0.0049485
1064 0.00494524
1065 0.00494199
1066 0.00493873
1067 0.00493548
1068 0.00493223
1069 0.00492898
1070 0.00492573
1071 0.00492249
1072 0.00491925
1073 0.00491601
1074 0.00491277
1075 0.00490954
1076 0.0049063
1077 0.00490307
1078 0.00489984
1079 0.00489661
1080 0.00489339
1081 0.00489017
1082 0.00488695
1083 0.00488373
1084 0.00488051
1085 0.0048773
1086 0.00487409
1087 0.00487088
1088 0.00486767
1089 0.00486446
1090 0.00486126
1091 0.00485806
1092 0.00485486
1093 0.00485166
1094 0.00484847
1095 0.00484527
1096 0.00484208
1097 0.00483889
1098 0.00483571
1099 0.00483252
1100 0.00482934
1101 0.00482616
1102 0.00482298
1103 0.0048198
1104 0.00481663
1105 0.00481346
1106 0.00481029
1107 0.00480712
1108 0.00480395
1109 0.00480079
1110 0.00479763
1111 0.00479447
1112 0.00479131
1113 0.00478816
1114 0.004785
1115 0.00478185
1116 0.0047787
1117 0.00477556
1118 0.00477241
1119 0.00476927
1120 0.00476613
1121 0.00476299
1122 0.00475985
1123 0.00475672
1124 0.00475358
1125 0.00475045
1126 0.00474732
1127 0.0047442
1128 0.00474107
1129 0.00473795
1130 0.00473483
1131 0.00473171
1132 0.0047286
1133 0.00472548
1134 0.00472237
1135 0.00471926
1136 0.00471615
1137 0.00471305
1138 0.00470994
1139 0.00470684
1140 0.00470374
1141 0.00470064
1142 0.00469755
1143 0.00469445
1144 0.00469136
1145 0.00468827
1146 0.00468519
1147 0.0046821
1148 0.00467902
1149 0.00467593
1150 0.00467286
1151 0.00466978
1152 0.0046667
1153 0.00466363
1154 0.00466056
1155 0.00465749
1156 0.00465442
1157 0.00465136
1158 0.00464829
1159 0.00464523
1160 0.00464217
1161 0.00463912
1162 0.00463606
1163 0.00463301
1164 0.00462996
1165 0.00462691
1166 0.00462386
1167 0.00462081
1168 0.00461777
1169 0.00461473
1170 0.00461169
1171 0.00460865
1172 0.00460562
1173 0.00460259
1174 0.00459955
1175 0.00459653
1176 0.0045935
1177 0.00459047
1178 0.00458745
1179 0.00458443
1180 0.00458141
1181 0.00457839
1182 0.00457538
1183 0.00457236
1184 0.00456935
1185 0.00456634
1186 0.00456334
1187 0.00456033
1188 0.00455733
1189 0.00455433
1190 0.00455133
1191 0.00454833
1192 0.00454533
1193 0.00454234
1194 0.00453935
1195 0.00453636
1196 0.00453337
1197 0.00453039
1198 0.0045274
1199 0.00452442
1200 0.00452144
1201 0.00451846
1202 0.00451549
1203 0.00451251
1204 0.00450954
1205 0.00450657
1206 0.00450361
1207 0.00450064
1208 0.00449768
1209 0.00449471
1210 0.00449175
1211 0.0044888
1212 0.00448584
1213 0.00448288
1214 0.00447993
1215 0.00447698
1216 0.00447403
1217 0.00447109
1218 0.00446814
1219 0.0044652
1220 0.00446226
1221 0.00445932
1222 0.00445638
1223 0.00445345
1224 0.00445052
1225 0.00444759
1226 0.00444466
1227 0.00444173
1228 0.0044388
1229 0.00443588
1230 0.00443296
1231 0.00443004
1232 0.00442712
1233 0.00442421
1234 0.00442129
1235 0.00441838
1236 0.00441547
1237 0.00441256
1238 0.00440966
1239 0.00440675
1240 0.00440385
1241 0.00440095
1242 0.00439805
1243 0.00439516
1244 0.00439226
1245 0.00438937
1246 0.00438648
1247 0.00438359
1248 0.0043807
1249 0.00437782
1250 0.00437494
1251 0.00437205
1252 0.00436917
1253 0.0043663
1254 0.00436342
1255 0.00436055
1256 0.00435768
1257 0.00435481
1258 0.00435194
1259 0.00434907
1260 0.00434621
1261 0.00434335
1262 0.00434049
1263 0.00433763
1264 0.00433477
1265 0.00433192
1266 0.00432906
1267 0.00432621
1268 0.00432336
1269 0.00432052
1270 0.00431767
1271 0.00431483
1272 0.00431199
1273 0.00430915
1274 0.00430631
1275 0.00430347
1276 0.00430064
1277 0.00429781
1278 0.00429497
1279 0.00429215
1280 0.00428932
1281 0.00428649
1282 0.00428367
1283 0.00428085
1284 0.00427803
1285 0.00427521
1286 0.0042724
1287 0.00426958
1288 0.00426677
1289 0.00426396
1290 0.00426116
1291 0.00425835
1292 0.00425554
1293 0.00425274
1294 0.00424994
1295 0.00424714
1296 0.00424435
1297 0.00424155
1298 0.00423876
1299 0.00423597
1300 0.00423318
1301 0.00423039
1302 0.0042276
1303 0.00422482
1304 0.00422204
1305 0.00421925
1306 0.00421648
1307 0.0042137
1308 0.00421092
1309 0.00420815
1310 0.00420538
1311 0.00420261
1312 0.00419984
1313 0.00419708
1314 0.00419431
1315 0.00419155
1316 0.00418879
1317 0.00418603
1318 0.00418327
1319 0.00418052
1320 0.00417777
1321 0.00417501
1322 0.00417227
1323 0.00416952
1324 0.00416677
1325 0.00416403
1326 0.00416129
1327 0.00415854
1328 0.00415581
1329 0.00415307
1330 0.00415033
1331 0.0041476
1332 0.00414487
1333 0.00414214
1334 0.00413941
1335 0.00413669
1336 0.00413396
1337 0.00413124
1338 0.00412852
1339 0.0041258
1340 0.00412308
1341 0.00412037
1342 0.00411765
1343 0.00411494
1344 0.00411223
1345 0.00410952
1346 0.00410682
1347 0.00410411
1348 0.00410141
1349 0.00409871
1350 0.00409601
1351 0.00409331
1352 0.00409062
1353 0.00408792
1354 0.00408523
1355 0.00408254
1356 0.00407985
1357 0.00407716
1358 0.00407448
1359 0.0040718
1360 0.00406911
1361 0.00406643
1362 0.00406376
1363 0.00406108
1364 0.00405841
1365 0.00405573
1366 0.00405306
1367 0.00405039
1368 0.00404772
1369 0.00404506
1370 0.0040424
1371 0.00403973
1372 0.00403707
1373 0.00403441
1374 0.00403176
1375 0.0040291
1376 0.00402645
1377 0.0040238
1378 0.00402115
1379 0.0040185
1380 0.00401585
1381 0.00401321
1382 0.00401056
1383 0.00400792
1384 0.00400528
1385 0.00400265
1386 0.00400001
1387 0.00399738
1388 0.00399474
1389 0.00399211
1390 0.00398948
1391 0.00398686
1392 0.00398423
1393 0.00398161
1394 0.00397898
1395 0.00397636
1396 0.00397374
1397 0.00397113
1398 0.00396851
1399 0.0039659
1400 0.00396329
1401 0.00396068
1402 0.00395807
1403 0.00395546
1404 0.00395286
1405 0.00395025
1406 0.00394765
1407 0.00394505
1408 0.00394245
1409 0.00393986
1410 0.00393726
1411 0.00393467
1412 0.00393208
1413 0.00392949
1414 0.0039269
1415 0.00392432
1416 0.00392173
1417 0.00391915
1418 0.00391657
1419 0.00391399
1420 0.00391141
1421 0.00390883
1422 0.00390626
1423 0.00390369
1424 0.00390112
1425 0.00389855
1426 0.00389598
1427 0.00389341
1428 0.00389085
1429 0.00388829
1430 0.00388573
1431 0.00388317
1432 0.00388061
1433 0.00387806
1434 0.0038755
1435 0.00387295
1436 0.0038704
1437 0.00386785
1438 0.0038653
1439 0.00386276
1440 0.00386021
1441 0.00385767
1442 0.00385513
1443 0.00385259
1444 0.00385005
1445 0.00384752
1446 0.00384498
1447 0.00384245
1448 0.00383992
1449 0.00383739
1450 0.00383487
1451 0.00383234
1452 0.00382982
1453 0.00382729
1454 0.00382477
1455 0.00382226
1456 0.00381974
1457 0.00381722
1458 0.00381471
1459 0.0038122
1460 0.00380969
1461 0.00380718
1462 0.00380467
1463 0.00380216
1464 0.00379966
1465 0.00379716
1466 0.00379466
1467 0.00379216
1468 0.00378966
1469 0.00378716
1470 0.00378467
1471 0.00378218
1472 0.00377969
1473 0.0037772
1474 0.00377471
1475 0.00377222
1476 0.00376974
1477 0.00376726
1478 0.00376478
1479 0.0037623
1480 0.00375982
1481 0.00375734
1482 0.00375487
1483 0.0037524
1484 0.00374992
1485 0.00374746
1486 0.00374499
1487 0.00374252
1488 0.00374006
1489 0.00373759
1490 0.00373513
1491 0.00373267
1492 0.00373021
1493 0.00372776
1494 0.0037253
1495 0.00372285
1496 0.0037204
1497 0.00371795
1498 0.0037155
1499 0.00371305
1500 0.00371061
1501 0.00370816
1502 0.00370572
1503 0.00370328
1504 0.00370084
1505 0.0036984
1506 0.00369597
1507 0.00369353
1508 0.0036911
1509 0.00368867
1510 0.00368624
1511 0.00368381
1512 0.00368139
1513 0.00367896
1514 0.00367654
1515 0.00367412
1516 0.0036717
1517 0.00366928
1518 0.00366687
1519 0.00366445
1520 0.00366204
1521 0.00365963
1522 0.00365722
1523 0.00365481
1524 0.0036524
1525 0.00364999
1526 0.00364759
1527 0.00364519
1528 0.00364279
1529 0.00364039
1530 0.00363799
1531 0.0036356
1532 0.0036332
1533 0.00363081
1534 0.00362842
1535 0.00362603
1536 0.00362364
1537 0.00362125
1538 0.00361887
1539 0.00361649
1540 0.0036141
1541 0.00361172
1542 0.00360934
1543 0.00360697
1544 0.00360459
1545 0.00360222
1546 0.00359985
1547 0.00359748
1548 0.00359511
1549 0.00359274
1550 0.00359037
1551 0.00358801
1552 0.00358564
1553 0.00358328
1554 0.00358092
1555 0.00357857
1556 0.00357621
1557 0.00357385
1558 0.0035715
1559 0.00356915
1560 0.0035668
1561 0.00356445
1562 0.0035621
1563 0.00355975
1564 0.00355741
1565 0.00355507
1566 0.00355273
1567 0.00355039
1568 0.00354805
1569 0.00354571
1570 0.00354338
1571 0.00354104
1572 0.00353871
1573 0.00353638
1574 0.00353405
1575 0.00353172
1576 0.0035294
1577 0.00352707
1578 0.00352475
1579 0.00352243
1580 0.00352011
1581 0.00351779
1582 0.00351548
1583 0.00351316
1584 0.00351085
1585 0.00350853
1586 0.00350622
1587 0.00350391
1588 0.00350161
1589 0.0034993
1590 0.003497
1591 0.00349469
1592 0.00349239
1593 0.00349009
1594 0.00348779
1595 0.0034855
1596 0.0034832
1597 0.00348091
1598 0.00347861
1599 0.00347632
1600 0.00347403
1601 0.00347175
1602 0.00346946
1603 0.00346718
1604 0.00346489
1605 0.00346261
1606 0.00346033
1607 0.00345805
1608 0.00345577
1609 0.0034535
1610 0.00345122
1611 0.00344895
1612 0.00344668
1613 0.00344441
1614 0.00344214
1615 0.00343987
1616 0.00343761
1617 0.00343534
1618 0.00343308
1619 0.00343082
1620 0.00342856
1621 0.0034263
1622 0.00342405
1623 0.00342179
1624 0.00341954
1625 0.00341729
1626 0.00341504
1627 0.00341279
1628 0.00341054
1629 0.00340829
1630 0.00340605
1631 0.00340381
1632 0.00340156
1633 0.00339932
1634 0.00339709
1635 0.00339485
1636 0.00339261
1637 0.00339038
1638 0.00338815
1639 0.00338591
1640 0.00338368
1641 0.00338146
1642 0.00337923
1643 0.003377
1644 0.00337478
1645 0.00337256
1646 0.00337034
1647 0.00336812
1648 0.0033659
1649 0.00336368
1650 0.00336147
1651 0.00335925
1652 0.00335704
1653 0.00335483
1654 0.00335262
1655 0.00335041
1656 0.00334821
1657 0.003346
1658 0.0033438
1659 0.0033416
1660 0.00333939
1661 0.0033372
1662 0.003335
1663 0.0033328
1664 0.00333061
1665 0.00332841
1666 0.00332622
1667 0.00332403
1668 0.00332184
1669 0.00331965
1670 0.00331747
1671 0.00331528
1672 0.0033131
1673 0.00331092
1674 0.00330874
1675 0.00330656
1676 0.00330438
1677 0.0033022
1678 0.00330003
1679 0.00329786
1680 0.00329568
1681 0.00329351
1682 0.00329134
1683 0.00328918
1684 0.00328701
1685 0.00328485
1686 0.00328268
1687 0.00328052
1688 0.00327836
1689 0.0032762
1690 0.00327404
1691 0.00327189
1692 0.00326973
1693 0.00326758
1694 0.00326543
1695 0.00326328
1696 0.00326113
1697 0.00325898
1698 0.00325683
1699 0.00325469
1700 0.00325255
1701 0.0032504
1702 0.00324826
1703 0.00324612
1704 0.00324399
1705 0.00324185
1706 0.00323971
1707 0.00323758
1708 0.00323545
1709 0.00323332
1710 0.00323119
1711 0.00322906
1712 0.00322693
1713 0.00322481
1714 0.00322269
1715 0.00322056
1716 0.00321844
1717 0.00321632
1718 0.0032142
1719 0.00321209
1720 0.00320997
1721 0.00320786
1722 0.00320575
1723 0.00320363
1724 0.00320152
1725 0.00319942
1726 0.00319731
1727 0.0031952
1728 0.0031931
1729 0.003191
1730 0.0031889
1731 0.00318679
1732 0.0031847
1733 0.0031826
1734 0.0031805
1735 0.00317841
1736 0.00317632
1737 0.00317422
1738 0.00317213
1739 0.00317004
1740 0.00316796
1741 0.00316587
1742 0.00316378
1743 0.0031617
1744 0.00315962
1745 0.00315754
1746 0.00315546
1747 0.00315338
1748 0.0031513
1749 0.00314923
1750 0.00314715
1751 0.00314508
1752 0.00314301
1753 0.00314094
1754 0.00313887
1755 0.00313681
1756 0.00313474
1757 0.00313267
1758 0.00313061
1759 0.00312855
1760 0.00312649
1761 0.00312443
1762 0.00312237
1763 0.00312032
1764 0.00311826
1765 0.00311621
1766 0.00311416
1767 0.00311211
1768 0.00311006
1769 0.00310801
1770 0.00310596
1771 0.00310392
1772 0.00310187
1773 0.00309983
1774 0.00309779
1775 0.00309575
1776 0.00309371
1777 0.00309167
1778 0.00308963
1779 0.0030876
1780 0.00308557
1781 0.00308353
1782 0.0030815
1783 0.00307947
1784 0.00307745
1785 0.00307542
1786 0.00307339
1787 0.00307137
1788 0.00306935
1789 0.00306733
1790 0.00306531
1791 0.00306329
1792 0.00306127
1793 0.00305925
1794 0.00305724
1795 0.00305523
1796 0.00305321
1797 0.0030512
1798 0.00304919
1799 0.00304719
1800 0.00304518
1801 0.00304317
1802 0.00304117
1803 0.00303917
1804 0.00303716
1805 0.00303516
1806 0.00303317
1807 0.00303117
1808 0.00302917
1809 0.00302718
1810 0.00302518
1811 0.00302319
1812 0.0030212
1813 0.00301921
1814 0.00301722
1815 0.00301523
1816 0.00301325
1817 0.00301126
1818 0.00300928
1819 0.0030073
1820 0.00300532
1821 0.00300334
1822 0.00300136
1823 0.00299939
1824 0.00299741
1825 0.00299544
1826 0.00299346
1827 0.00299149
1828 0.00298952
1829 0.00298755
1830 0.00298559
1831 0.00298362
1832 0.00298165
1833 0.00297969
1834 0.00297773
1835 0.00297577
1836 0.00297381
1837 0.00297185
1838 0.00296989
1839 0.00296794
1840 0.00296598
1841 0.00296403
1842 0.00296208
1843 0.00296013
1844 0.00295818
1845 0.00295623
1846 0.00295428
1847 0.00295234
1848 0.00295039
1849 0.00294845
1850 0.00294651
1851 0.00294457
1852 0.00294263
1853 0.00294069
1854 0.00293875
1855 0.00293682
1856 0.00293488
1857 0.00293295
1858 0.00293102
1859 0.00292909
1860 0.00292716
1861 0.00292523
1862 0.0029233
1863 0.00292138
1864 0.00291946
1865 0.00291753
1866 0.00291561
1867 0.00291369
1868 0.00291177
1869 0.00290985
1870 0.00290794
1871 0.00290602
1872 0.00290411
1873 0.0029022
1874 0.00290029
1875 0.00289838
1876 0.00289647
1877 0.00289456
1878 0.00289265
1879 0.00289075
1880 0.00288884
1881 0.00288694
1882 0.00288504
1883 0.00288314
1884 0.00288124
1885 0.00287934
1886 0.00287745
1887 0.00287555
1888 0.00287366
1889 0.00287177
1890 0.00286988
1891 0.00286799
1892 0.0028661
1893 0.00286421
1894 0.00286232
1895 0.00286044
1896 0.00285855
1897 0.00285667
1898 0.00285479
1899 0.00285291
1900 0.00285103
1901 0.00284915
1902 0.00284728
1903 0.0028454
1904 0.00284353
1905 0.00284166
1906 0.00283978
1907 0.00283791
1908 0.00283605
1909 0.00283418
1910 0.00283231
1911 0.00283045
1912 0.00282858
1913 0.00282672
1914 0.00282486
1915 0.002823
1916 0.00282114
1917 0.00281928
1918 0.00281742
1919 0.00281557
1920 0.00281371
1921 0.00281186
1922 0.00281001
1923 0.00280816
1924 0.00280631
1925 0.00280446
1926 0.00280261
1927 0.00280077
1928 0.00279892
1929 0.00279708
1930 0.00279524
1931 0.0027934
1932 0.00279156
1933 0.00278972
1934 0.00278788
1935 0.00278605
1936 0.00278421
1937 0.00278238
1938 0.00278055
1939 0.00277871
1940 0.00277688
1941 0.00277506
1942 0.00277323
1943 0.0027714
1944 0.00276958
1945 0.00276775
1946 0.00276593
1947 0.00276411
1948 0.00276229
1949 0.00276047
1950 0.00275865
1951 0.00275683
1952 0.00275502
1953 0.0027532
1954 0.00275139
1955 0.00274958
1956 0.00274777
1957 0.00274596
1958 0.00274415
1959 0.00274234
1960 0.00274054
1961 0.00273873
1962 0.00273693
1963 0.00273513
1964 0.00273332
1965 0.00273152
1966 0.00272973
1967 0.00272793
1968 0.00272613
1969 0.00272434
1970 0.00272254
1971 0.00272075
1972 0.00271896
1973 0.00271717
1974 0.00271538
1975 0.00271359
1976 0.0027118
1977 0.00271002
1978 0.00270823
1979 0.00270645
1980 0.00270466
1981 0.00270288
1982 0.0027011
1983 0.00269932
1984 0.00269755
1985 0.00269577
1986 0.002694
1987 0.00269222
1988 0.00269045
1989 0.00268868
1990 0.00268691
1991 0.00268514
1992 0.00268337
1993 0.0026816
1994 0.00267983
1995 0.00267807
1996 0.00267631
1997 0.00267454
1998 0.00267278
1999 0.00267102
