0 0.00998027
1 0.00995403
2 0.0099383
3 0.00992052
4 0.00990318
5 0.0098858
6 0.00986846
7 0.00985114
8 0.00983386
9 0.00981661
10 0.00979939
11 0.0097822
12 0.00976504
13 0.00974791
14 0.0097308
15 0.00971373
16 0.00969669
17 0.00967968
18 0.0096627
19 0.00964575
20 0.00962883
21 0.00961193
22 0.00959507
23 0.00957824
24 0.00956143
25 0.00954466
26 0.00952792
27 0.0095112
28 0.00949451
29 0.00947786
30 0.00946123
31 0.00944463
32 0.00942806
33 0.00941152
34 0.00939501
35 0.00937853
36 0.00936208
37 0.00934565
38 0.00932926
39 0.00931289
40 0.00929655
41 0.00928024
42 0.00926396
43 0.00924771
44 0.00923149
45 0.00921529
46 0.00919912
47 0.00918299
48 0.00916688
49 0.00915079
50 0.00913474
51 0.00911872
52 0.00910272
53 0.00908675
54 0.00907081
55 0.00905489
56 0.00903901
57 0.00902315
58 0.00900732
59 0.00899152
60 0.00897575
61 0.00896
62 0.00894428
63 0.00892859
64 0.00891292
65 0.00889729
66 0.00888168
67 0.0088661
68 0.00885054
69 0.00883502
70 0.00881952
71 0.00880405
72 0.0087886
73 0.00877318
74 0.00875779
75 0.00874243
76 0.00872709
77 0.00871178
78 0.0086965
79 0.00868124
80 0.00866601
81 0.00865081
82 0.00863563
83 0.00862048
84 0.00860536
85 0.00859026
86 0.00857519
87 0.00856015
88 0.00854513
89 0.00853014
90 0.00851517
91 0.00850023
92 0.00848532
93 0.00847044
94 0.00845558
95 0.00844074
96 0.00842593
97 0.00841115
98 0.0083964
99 0.00838167
100 0.00836696
101 0.00835228
102 0.00833763
103 0.008323
104 0.0083084
105 0.00829383
106 0.00827928
107 0.00826475
108 0.00825025
109 0.00823578
110 0.00822133
111 0.00820691
112 0.00819251
113 0.00817814
114 0.00816379
115 0.00814947
116 0.00813517
117 0.0081209
118 0.00810665
119 0.00809243
120 0.00807823
121 0.00806406
122 0.00804991
123 0.00803579
124 0.00802169
125 0.00800762
126 0.00799357
127 0.00797955
128 0.00796555
129 0.00795158
130 0.00793763
131 0.0079237
132 0.0079098
133 0.00789592
134 0.00788207
135 0.00786824
136 0.00785444
137 0.00784066
138 0.00782691
139 0.00781317
140 0.00779947
141 0.00778578
142 0.00777213
143 0.00775849
144 0.00774488
145 0.00773129
146 0.00771773
147 0.00770419
148 0.00769067
149 0.00767718
150 0.00766371
151 0.00765027
152 0.00763685
153 0.00762345
154 0.00761008
155 0.00759673
156 0.0075834
157 0.00757009
158 0.00755681
159 0.00754356
160 0.00753032
161 0.00751711
162 0.00750392
163 0.00749076
164 0.00747762
165 0.0074645
166 0.00745141
167 0.00743833
168 0.00742528
169 0.00741226
170 0.00739925
171 0.00738627
172 0.00737331
173 0.00736038
174 0.00734747
175 0.00733458
176 0.00732171
177 0.00730886
178 0.00729604
179 0.00728324
180 0.00727047
181 0.00725771
182 0.00724498
183 0.00723227
184 0.00721958
185 0.00720691
186 0.00719427
187 0.00718165
188 0.00716905
189 0.00715647
190 0.00714392
191 0.00713139
192 0.00711888
193 0.00710639
194 0.00709392
195 0.00708147
196 0.00706905
197 0.00705665
198 0.00704427
199 0.00703191
200 0.00701957
201 0.00700726
202 0.00699497
203 0.0069827
204 0.00697045
205 0.00695822
206 0.00694601
207 0.00693382
208 0.00692166
209 0.00690952
210 0.0068974
211 0.00688529
212 0.00687322
213 0.00686116
214 0.00684912
215 0.00683711
216 0.00682511
217 0.00681314
218 0.00680118
219 0.00678925
220 0.00677734
221 0.00676545
222 0.00675358
223 0.00674174
224 0.00672991
225 0.0067181
226 0.00670632
227 0.00669455
228 0.00668281
229 0.00667108
230 0.00665938
231 0.0066477
232 0.00663603
233 0.00662439
234 0.00661277
235 0.00660117
236 0.00658959
237 0.00657803
238 0.00656649
239 0.00655497
240 0.00654347
241 0.00653199
242 0.00652053
243 0.00650909
244 0.00649767
245 0.00648627
246 0.00647489
247 0.00646353
248 0.00645219
249 0.00644088
250 0.00642958
251 0.0064183
252 0.00640704
253 0.0063958
254 0.00638458
255 0.00637338
256 0.00636219
257 0.00635103
258 0.00633989
259 0.00632877
260 0.00631767
261 0.00630658
262 0.00629552
263 0.00628447
264 0.00627345
265 0.00626244
266 0.00625146
267 0.00624049
268 0.00622954
269 0.00621861
270 0.0062077
271 0.00619681
272 0.00618594
273 0.00617509
274 0.00616426
275 0.00615344
276 0.00614265
277 0.00613187
278 0.00612111
279 0.00611037
280 0.00609965
281 0.00608895
282 0.00607827
283 0.00606761
284 0.00605696
285 0.00604634
286 0.00603573
287 0.00602514
288 0.00601457
289 0.00600402
290 0.00599349
291 0.00598297
292 0.00597248
293 0.005962
294 0.00595154
295 0.0059411
296 0.00593068
297 0.00592027
298 0.00590988
299 0.00589952
300 0.00588917
301 0.00587884
302 0.00586852
303 0.00585823
304 0.00584795
305 0.00583769
306 0.00582745
307 0.00581723
308 0.00580702
309 0.00579683
310 0.00578666
311 0.00577651
312 0.00576638
313 0.00575626
314 0.00574616
315 0.00573608
316 0.00572602
317 0.00571597
318 0.00570595
319 0.00569594
320 0.00568594
321 0.00567597
322 0.00566601
323 0.00565607
324 0.00564615
325 0.00563624
326 0.00562635
327 0.00561648
328 0.00560663
329 0.00559679
330 0.00558698
331 0.00557717
332 0.00556739
333 0.00555762
334 0.00554787
335 0.00553814
336 0.00552842
337 0.00551873
338 0.00550904
339 0.00549938
340 0.00548973
341 0.0054801
342 0.00547049
343 0.00546089
344 0.00545131
345 0.00544175
346 0.0054322
347 0.00542267
348 0.00541316
349 0.00540366
350 0.00539418
351 0.00538472
352 0.00537527
353 0.00536584
354 0.00535643
355 0.00534703
356 0.00533765
357 0.00532828
358 0.00531894
359 0.00530961
360 0.00530029
361 0.00529099
362 0.00528171
363 0.00527244
364 0.00526319
365 0.00525396
366 0.00524474
367 0.00523554
368 0.00522636
369 0.00521719
370 0.00520804
371 0.0051989
372 0.00518978
373 0.00518067
374 0.00517159
375 0.00516251
376 0.00515346
377 0.00514442
378 0.00513539
379 0.00512638
380 0.00511739
381 0.00510841
382 0.00509945
383 0.0050905
384 0.00508157
385 0.00507266
386 0.00506376
387 0.00505487
388 0.00504601
389 0.00503715
390 0.00502832
391 0.0050195
392 0.00501069
393 0.0050019
394 0.00499312
395 0.00498436
396 0.00497562
397 0.00496689
398 0.00495818
399 0.00494948
400 0.0049408
401 0.00493213
402 0.00492348
403 0.00491484
404 0.00490622
405 0.00489761
406 0.00488902
407 0.00488044
408 0.00487188
409 0.00486333
410 0.0048548
411 0.00484628
412 0.00483778
413 0.00482929
414 0.00482082
415 0.00481236
416 0.00480392
417 0.00479549
418 0.00478708
419 0.00477868
420 0.0047703
421 0.00476193
422 0.00475358
423 0.00474524
424 0.00473691
425 0.0047286
426 0.00472031
427 0.00471202
428 0.00470376
429 0.00469551
430 0.00468727
431 0.00467905
432 0.00467084
433 0.00466264
434 0.00465446
435 0.0046463
436 0.00463815
437 0.00463001
438 0.00462189
439 0.00461378
440 0.00460568
441 0.0045976
442 0.00458954
443 0.00458149
444 0.00457345
445 0.00456543
446 0.00455742
447 0.00454942
448 0.00454144
449 0.00453347
450 0.00452552
451 0.00451758
452 0.00450966
453 0.00450174
454 0.00449385
455 0.00448596
456 0.00447809
457 0.00447024
458 0.00446239
459 0.00445457
460 0.00444675
461 0.00443895
462 0.00443116
463 0.00442339
464 0.00441563
465 0.00440788
466 0.00440015
467 0.00439243
468 0.00438472
469 0.00437703
470 0.00436935
471 0.00436169
472 0.00435404
473 0.0043464
474 0.00433877
475 0.00433116
476 0.00432356
477 0.00431598
478 0.00430841
479 0.00430085
480 0.0042933
481 0.00428577
482 0.00427825
483 0.00427075
484 0.00426325
485 0.00425577
486 0.00424831
487 0.00424085
488 0.00423341
489 0.00422599
490 0.00421857
491 0.00421117
492 0.00420379
493 0.00419641
494 0.00418905
495 0.0041817
496 0.00417436
497 0.00416704
498 0.00415973
499 0.00415243
500 0.00414515
501 0.00413788
502 0.00413062
503 0.00412337
504 0.00411614
505 0.00410891
506 0.00410171
507 0.00409451
508 0.00408733
509 0.00408016
510 0.004073
511 0.00406585
512 0.00405872
513 0.0040516
514 0.00404449
515 0.0040374
516 0.00403031
517 0.00402324
518 0.00401619
519 0.00400914
520 0.00400211
521 0.00399509
522 0.00398808
523 0.00398108
524 0.0039741
525 0.00396712
526 0.00396016
527 0.00395322
528 0.00394628
529 0.00393936
530 0.00393245
531 0.00392555
532 0.00391866
533 0.00391179
534 0.00390492
535 0.00389807
536 0.00389124
537 0.00388441
538 0.00387759
539 0.00387079
540 0.003864
541 0.00385722
542 0.00385046
543 0.0038437
544 0.00383696
545 0.00383023
546 0.00382351
547 0.0038168
548 0.0038101
549 0.00380342
550 0.00379675
551 0.00379009
552 0.00378344
553 0.0037768
554 0.00377017
555 0.00376356
556 0.00375696
557 0.00375037
558 0.00374379
559 0.00373722
560 0.00373066
561 0.00372412
562 0.00371758
563 0.00371106
564 0.00370455
565 0.00369805
566 0.00369156
567 0.00368509
568 0.00367862
569 0.00367217
570 0.00366573
571 0.0036593
572 0.00365288
573 0.00364647
574 0.00364007
575 0.00363369
576 0.00362731
577 0.00362095
578 0.00361459
579 0.00360825
580 0.00360192
581 0.0035956
582 0.0035893
583 0.003583
584 0.00357671
585 0.00357044
586 0.00356418
587 0.00355792
588 0.00355168
589 0.00354545
590 0.00353923
591 0.00353302
592 0.00352682
593 0.00352064
594 0.00351446
595 0.00350829
596 0.00350214
597 0.00349599
598 0.00348986
599 0.00348374
600 0.00347763
601 0.00347153
602 0.00346544
603 0.00345936
604 0.00345329
605 0.00344723
606 0.00344118
607 0.00343514
608 0.00342912
609 0.0034231
610 0.0034171
611 0.0034111
612 0.00340512
613 0.00339914
614 0.00339318
615 0.00338723
616 0.00338129
617 0.00337535
618 0.00336943
619 0.00336352
620 0.00335762
621 0.00335173
622 0.00334585
623 0.00333998
624 0.00333412
625 0.00332827
626 0.00332243
627 0.0033166
628 0.00331079
629 0.00330498
630 0.00329918
631 0.00329339
632 0.00328761
633 0.00328185
634 0.00327609
635 0.00327034
636 0.0032646
637 0.00325888
638 0.00325316
639 0.00324745
640 0.00324176
641 0.00323607
642 0.00323039
643 0.00322472
644 0.00321907
645 0.00321342
646 0.00320778
647 0.00320215
648 0.00319654
649 0.00319093
650 0.00318533
651 0.00317974
652 0.00317416
653 0.0031686
654 0.00316304
655 0.00315749
656 0.00315195
657 0.00314642
658 0.0031409
659 0.00313539
660 0.00312989
661 0.0031244
662 0.00311892
663 0.00311344
664 0.00310798
665 0.00310253
666 0.00309709
667 0.00309165
668 0.00308623
669 0.00308082
670 0.00307541
671 0.00307002
672 0.00306463
673 0.00305925
674 0.00305389
675 0.00304853
676 0.00304318
677 0.00303784
678 0.00303251
679 0.00302719
680 0.00302188
681 0.00301658
682 0.00301129
683 0.00300601
684 0.00300073
685 0.00299547
686 0.00299021
687 0.00298497
688 0.00297973
689 0.0029745
690 0.00296928
691 0.00296408
692 0.00295888
693 0.00295368
694 0.0029485
695 0.00294333
696 0.00293817
697 0.00293301
698 0.00292787
699 0.00292273
700 0.0029176
701 0.00291248
702 0.00290737
703 0.00290227
704 0.00289718
705 0.0028921
706 0.00288703
707 0.00288196
708 0.00287691
709 0.00287186
710 0.00286682
711 0.00286179
712 0.00285677
713 0.00285176
714 0.00284676
715 0.00284176
716 0.00283678
717 0.0028318
718 0.00282683
719 0.00282187
720 0.00281692
721 0.00281198
722 0.00280705
723 0.00280212
724 0.00279721
725 0.0027923
726 0.0027874
727 0.00278251
728 0.00277763
729 0.00277276
730 0.00276789
731 0.00276304
732 0.00275819
733 0.00275335
734 0.00274852
735 0.0027437
736 0.00273888
737 0.00273408
738 0.00272928
739 0.00272449
740 0.00271971
741 0.00271494
742 0.00271018
743 0.00270543
744 0.00270068
745 0.00269594
746 0.00269121
747 0.00268649
748 0.00268178
749 0.00267707
750 0.00267238
751 0.00266769
752 0.00266301
753 0.00265834
754 0.00265367
755 0.00264902
756 0.00264437
757 0.00263973
758 0.0026351
759 0.00263048
760 0.00262586
761 0.00262126
762 0.00261666
763 0.00261207
764 0.00260748
765 0.00260291
766 0.00259834
767 0.00259378
768 0.00258923
769 0.00258469
770 0.00258016
771 0.00257563
772 0.00257111
773 0.0025666
774 0.0025621
775 0.0025576
776 0.00255312
777 0.00254864
778 0.00254417
779 0.0025397
780 0.00253525
781 0.0025308
782 0.00252636
783 0.00252193
784 0.0025175
785 0.00251309
786 0.00250868
787 0.00250428
788 0.00249988
789 0.0024955
790 0.00249112
791 0.00248675
792 0.00248239
793 0.00247803
794 0.00247369
795 0.00246935
796 0.00246501
797 0.00246069
798 0.00245637
799 0.00245206
800 0.00244776
801 0.00244347
802 0.00243918
803 0.0024349
804 0.00243063
805 0.00242637
806 0.00242211
807 0.00241786
808 0.00241362
809 0.00240938
810 0.00240516
811 0.00240094
812 0.00239673
813 0.00239252
814 0.00238832
815 0.00238413
816 0.00237995
817 0.00237578
818 0.00237161
819 0.00236745
820 0.00236329
821 0.00235915
822 0.00235501
823 0.00235088
824 0.00234675
825 0.00234264
826 0.00233853
827 0.00233442
828 0.00233033
829 0.00232624
830 0.00232216
831 0.00231809
832 0.00231402
833 0.00230996
834 0.00230591
835 0.00230186
836 0.00229782
837 0.00229379
838 0.00228977
839 0.00228575
840 0.00228174
841 0.00227774
842 0.00227374
843 0.00226975
844 0.00226577
845 0.0022618
846 0.00225783
847 0.00225387
848 0.00224991
849 0.00224597
850 0.00224203
851 0.00223809
852 0.00223417
853 0.00223025
854 0.00222633
855 0.00222243
856 0.00221853
857 0.00221464
858 0.00221075
859 0.00220687
860 0.002203
861 0.00219914
862 0.00219528
863 0.00219143
864 0.00218758
865 0.00218375
866 0.00217992
867 0.00217609
868 0.00217227
869 0.00216846
870 0.00216466
871 0.00216086
872 0.00215707
873 0.00215329
874 0.00214951
875 0.00214574
876 0.00214197
877 0.00213821
878 0.00213446
879 0.00213072
880 0.00212698
881 0.00212325
882 0.00211952
883 0.00211581
884 0.00211209
885 0.00210839
886 0.00210469
887 0.002101
888 0.00209731
889 0.00209363
890 0.00208996
891 0.00208629
892 0.00208263
893 0.00207898
894 0.00207533
895 0.00207169
896 0.00206806
897 0.00206443
898 0.00206081
899 0.00205719
900 0.00205358
901 0.00204998
902 0.00204638
903 0.00204279
904 0.00203921
905 0.00203563
906 0.00203206
907 0.0020285
908 0.00202494
909 0.00202139
910 0.00201784
911 0.0020143
912 0.00201077
913 0.00200724
914 0.00200372
915 0.0020002
916 0.00199669
917 0.00199319
918 0.00198969
919 0.0019862
920 0.00198272
921 0.00197924
922 0.00197577
923 0.0019723
924 0.00196884
925 0.00196539
926 0.00196194
927 0.0019585
928 0.00195506
929 0.00195163
930 0.00194821
931 0.00194479
932 0.00194138
933 0.00193797
934 0.00193457
935 0.00193118
936 0.00192779
937 0.00192441
938 0.00192103
939 0.00191766
940 0.0019143
941 0.00191094
942 0.00190759
943 0.00190424
944 0.0019009
945 0.00189756
946 0.00189424
947 0.00189091
948 0.0018876
949 0.00188428
950 0.00188098
951 0.00187768
952 0.00187438
953 0.0018711
954 0.00186781
955 0.00186454
956 0.00186127
957 0.001858
958 0.00185474
959 0.00185149
960 0.00184824
961 0.001845
962 0.00184176
963 0.00183853
964 0.0018353
965 0.00183208
966 0.00182887
967 0.00182566
968 0.00182246
969 0.00181926
970 0.00181607
971 0.00181288
972 0.0018097
973 0.00180653
974 0.00180336
975 0.00180019
976 0.00179704
977 0.00179388
978 0.00179074
979 0.0017876
980 0.00178446
981 0.00178133
982 0.0017782
983 0.00177508
984 0.00177197
985 0.00176886
986 0.00176576
987 0.00176266
988 0.00175957
989 0.00175648
990 0.0017534
991 0.00175032
992 0.00174725
993 0.00174419
994 0.00174113
995 0.00173807
996 0.00173502
997 0.00173198
998 0.00172894
999 0.00172591
1000 0.00172288
1001 0.00171986
1002 0.00171684
1003 0.00171383
1004 0.00171082
1005 0.00170782
1006 0.00170483
1007 0.00170183
1008 0.00169885
1009 0.00169587
1010 0.00169289
1011 0.00168992
1012 0.00168696
1013 0.001684
1014 0.00168104
1015 0.0016781
1016 0.00167515
1017 0.00167221
1018 0.00166928
1019 0.00166635
1020 0.00166343
1021 0.00166051
1022 0.0016576
1023 0.00165469
1024 0.00165179
1025 0.00164889
1026 0.00164599
1027 0.00164311
1028 0.00164022
1029 0.00163735
1030 0.00163447
1031 0.00163161
1032 0.00162874
1033 0.00162589
1034 0.00162304
1035 0.00162019
1036 0.00161735
1037 0.00161451
1038 0.00161168
1039 0.00160885
1040 0.00160603
1041 0.00160321
1042 0.0016004
1043 0.00159759
1044 0.00159479
1045 0.00159199
1046 0.00158919
1047 0.00158641
1048 0.00158362
1049 0.00158085
1050 0.00157807
1051 0.0015753
1052 0.00157254
1053 0.00156978
1054 0.00156703
1055 0.00156428
1056 0.00156153
1057 0.00155879
1058 0.00155606
1059 0.00155333
1060 0.0015506
1061 0.00154788
1062 0.00154517
1063 0.00154246
1064 0.00153975
1065 0.00153705
1066 0.00153435
1067 0.00153166
1068 0.00152898
1069 0.00152629
1070 0.00152362
1071 0.00152094
1072 0.00151827
1073 0.00151561
1074 0.00151295
1075 0.0015103
1076 0.00150765
1077 0.001505
1078 0.00150236
1079 0.00149973
1080 0.0014971
1081 0.00149447
1082 0.00149185
1083 0.00148923
1084 0.00148662
1085 0.00148401
1086 0.00148141
1087 0.00147881
1088 0.00147621
1089 0.00147362
1090 0.00147104
1091 0.00146846
1092 0.00146588
1093 0.00146331
1094 0.00146074
1095 0.00145818
1096 0.00145562
1097 0.00145307
1098 0.00145052
1099 0.00144797
1100 0.00144543
1101 0.0014429
1102 0.00144037
1103 0.00143784
1104 0.00143532
1105 0.0014328
1106 0.00143029
1107 0.00142778
1108 0.00142527
1109 0.00142277
1110 0.00142028
1111 0.00141778
1112 0.0014153
1113 0.00141281
1114 0.00141034
1115 0.00140786
1116 0.00140539
1117 0.00140293
1118 0.00140046
1119 0.00139801
1120 0.00139556
1121 0.00139311
1122 0.00139066
1123 0.00138822
1124 0.00138579
1125 0.00138336
1126 0.00138093
1127 0.00137851
1128 0.00137609
1129 0.00137367
1130 0.00137126
1131 0.00136886
1132 0.00136646
1133 0.00136406
1134 0.00136167
1135 0.00135928
1136 0.00135689
1137 0.00135451
1138 0.00135214
1139 0.00134976
1140 0.0013474
1141 0.00134503
1142 0.00134267
1143 0.00134032
1144 0.00133797
1145 0.00133562
1146 0.00133328
1147 0.00133094
1148 0.0013286
1149 0.00132627
1150 0.00132394
1151 0.00132162
1152 0.0013193
1153 0.00131699
1154 0.00131468
1155 0.00131237
1156 0.00131007
1157 0.00130777
1158 0.00130548
1159 0.00130319
1160 0.0013009
1161 0.00129862
1162 0.00129634
1163 0.00129407
1164 0.0012918
1165 0.00128953
1166 0.00128727
1167 0.00128501
1168 0.00128275
1169 0.0012805
1170 0.00127826
1171 0.00127602
1172 0.00127378
1173 0.00127154
1174 0.00126931
1175 0.00126708
1176 0.00126486
1177 0.00126264
1178 0.00126043
1179 0.00125822
1180 0.00125601
1181 0.00125381
1182 0.00125161
1183 0.00124941
1184 0.00124722
1185 0.00124503
1186 0.00124285
1187 0.00124067
1188 0.00123849
1189 0.00123632
1190 0.00123415
1191 0.00123198
1192 0.00122982
1193 0.00122766
1194 0.00122551
1195 0.00122336
1196 0.00122121
1197 0.00121907
1198 0.00121693
1199 0.0012148
1200 0.00121267
1201 0.00121054
1202 0.00120842
1203 0.0012063
1204 0.00120418
1205 0.00120207
1206 0.00119996
1207 0.00119785
1208 0.00119575
1209 0.00119365
1210 0.00119156
1211 0.00118947
1212 0.00118738
1213 0.0011853
1214 0.00118322
1215 0.00118114
1216 0.00117907
1217 0.001177
1218 0.00117494
1219 0.00117288
1220 0.00117082
1221 0.00116877
1222 0.00116672
1223 0.00116467
1224 0.00116263
1225 0.00116059
1226 0.00115855
1227 0.00115652
1228 0.00115449
1229 0.00115246
1230 0.00115044
1231 0.00114842
1232 0.00114641
1233 0.0011444
1234 0.00114239
1235 0.00114038
1236 0.00113838
1237 0.00113639
1238 0.00113439
1239 0.0011324
1240 0.00113042
1241 0.00112843
1242 0.00112645
1243 0.00112448
1244 0.00112251
1245 0.00112054
1246 0.00111857
1247 0.00111661
1248 0.00111465
1249 0.00111269
1250 0.00111074
1251 0.00110879
1252 0.00110685
1253 0.00110491
1254 0.00110297
1255 0.00110103
1256 0.0010991
1257 0.00109717
1258 0.00109525
1259 0.00109333
1260 0.00109141
1261 0.00108949
1262 0.00108758
1263 0.00108567
1264 0.00108377
1265 0.00108187
1266 0.00107997
1267 0.00107808
1268 0.00107618
1269 0.0010743
1270 0.00107241
1271 0.00107053
1272 0.00106865
1273 0.00106678
1274 0.00106491
1275 0.00106304
1276 0.00106117
1277 0.00105931
1278 0.00105745
1279 0.0010556
1280 0.00105375
1281 0.0010519
1282 0.00105005
1283 0.00104821
1284 0.00104637
1285 0.00104454
1286 0.0010427
1287 0.00104087
1288 0.00103905
1289 0.00103722
1290 0.0010354
1291 0.00103359
1292 0.00103178
1293 0.00102997
1294 0.00102816
1295 0.00102635
1296 0.00102455
1297 0.00102276
1298 0.00102096
1299 0.00101917
1300 0.00101738
1301 0.0010156
1302 0.00101382
1303 0.00101204
1304 0.00101026
1305 0.00100849
1306 0.00100672
1307 0.00100495
1308 0.00100319
1309 0.00100143
1310 0.000999675
1311 0.000997921
1312 0.00099617
1313 0.000994423
1314 0.000992678
1315 0.000990937
1316 0.000989198
1317 0.000987463
1318 0.000985731
1319 0.000984001
1320 0.000982275
1321 0.000980552
1322 0.000978832
1323 0.000977114
1324 0.0009754
1325 0.000973689
1326 0.000971981
1327 0.000970276
1328 0.000968573
1329 0.000966874
1330 0.000965178
1331 0.000963485
1332 0.000961794
1333 0.000960107
1334 0.000958423
1335 0.000956741
1336 0.000955063
1337 0.000953387
1338 0.000951715
1339 0.000950045
1340 0.000948379
1341 0.000946715
1342 0.000945054
1343 0.000943396
1344 0.000941741
1345 0.000940089
1346 0.00093844
1347 0.000936793
1348 0.00093515
1349 0.000933509
1350 0.000931871
1351 0.000930237
1352 0.000928605
1353 0.000926976
1354 0.000925349
1355 0.000923726
1356 0.000922105
1357 0.000920488
1358 0.000918873
1359 0.000917261
1360 0.000915652
1361 0.000914045
1362 0.000912442
1363 0.000910841
1364 0.000909243
1365 0.000907648
1366 0.000906056
1367 0.000904466
1368 0.000902879
1369 0.000901295
1370 0.000899714
1371 0.000898136
1372 0.00089656
1373 0.000894987
1374 0.000893417
1375 0.00089185
1376 0.000890285
1377 0.000888723
1378 0.000887164
1379 0.000885608
1380 0.000884054
1381 0.000882503
1382 0.000880955
1383 0.00087941
1384 0.000877867
1385 0.000876327
1386 0.000874789
1387 0.000873255
1388 0.000871723
1389 0.000870193
1390 0.000868667
1391 0.000867143
1392 0.000865622
1393 0.000864103
1394 0.000862587
1395 0.000861074
1396 0.000859563
1397 0.000858055
1398 0.00085655
1399 0.000855047
1400 0.000853547
1401 0.00085205
1402 0.000850555
1403 0.000849063
1404 0.000847573
1405 0.000846086
1406 0.000844602
1407 0.00084312
1408 0.000841641
1409 0.000840165
1410 0.000838691
1411 0.000837219
1412 0.000835751
1413 0.000834284
1414 0.000832821
1415 0.00083136
1416 0.000829901
1417 0.000828445
1418 0.000826992
1419 0.000825541
1420 0.000824093
1421 0.000822647
1422 0.000821204
1423 0.000819763
1424 0.000818325
1425 0.000816889
1426 0.000815456
1427 0.000814026
1428 0.000812598
1429 0.000811172
1430 0.000809749
1431 0.000808329
1432 0.00080691
1433 0.000805495
1434 0.000804082
1435 0.000802671
1436 0.000801263
1437 0.000799857
1438 0.000798454
1439 0.000797053
1440 0.000795655
1441 0.000794259
1442 0.000792866
1443 0.000791475
1444 0.000790086
1445 0.0007887
1446 0.000787316
1447 0.000785935
1448 0.000784556
1449 0.00078318
1450 0.000781806
1451 0.000780435
1452 0.000779065
1453 0.000777699
1454 0.000776334
1455 0.000774972
1456 0.000773613
1457 0.000772256
1458 0.000770901
1459 0.000769548
1460 0.000768198
1461 0.000766851
1462 0.000765505
1463 0.000764162
1464 0.000762822
1465 0.000761484
1466 0.000760148
1467 0.000758814
1468 0.000757483
1469 0.000756154
1470 0.000754827
1471 0.000753503
1472 0.000752181
1473 0.000750862
1474 0.000749544
1475 0.00074823
1476 0.000746917
1477 0.000745607
1478 0.000744298
1479 0.000742993
1480 0.000741689
1481 0.000740388
1482 0.000739089
1483 0.000737793
1484 0.000736498
1485 0.000735206
1486 0.000733916
1487 0.000732629
1488 0.000731344
1489 0.000730061
1490 0.00072878
1491 0.000727501
1492 0.000726225
1493 0.000724951
1494 0.000723679
1495 0.00072241
1496 0.000721142
1497 0.000719877
1498 0.000718614
1499 0.000717353
1500 0.000716095
1501 0.000714839
1502 0.000713585
1503 0.000712333
1504 0.000711083
1505 0.000709836
1506 0.00070859
1507 0.000707347
1508 0.000706106
1509 0.000704867
1510 0.000703631
1511 0.000702397
1512 0.000701164
1513 0.000699934
1514 0.000698706
1515 0.00069748
1516 0.000696257
1517 0.000695035
1518 0.000693816
1519 0.000692599
1520 0.000691384
1521 0.000690171
1522 0.00068896
1523 0.000687751
1524 0.000686545
1525 0.00068534
1526 0.000684138
1527 0.000682938
1528 0.00068174
1529 0.000680544
1530 0.00067935
1531 0.000678158
1532 0.000676968
1533 0.000675781
1534 0.000674595
1535 0.000673412
1536 0.00067223
1537 0.000671051
1538 0.000669874
1539 0.000668699
1540 0.000667525
1541 0.000666354
1542 0.000665185
1543 0.000664018
1544 0.000662853
1545 0.000661691
1546 0.00066053
1547 0.000659371
1548 0.000658214
1549 0.00065706
1550 0.000655907
1551 0.000654756
1552 0.000653607
1553 0.000652461
1554 0.000651316
1555 0.000650174
1556 0.000649033
1557 0.000647894
1558 0.000646758
1559 0.000645623
1560 0.00064449
1561 0.00064336
1562 0.000642231
1563 0.000641104
1564 0.00063998
1565 0.000638857
1566 0.000637736
1567 0.000636617
1568 0.0006355
1569 0.000634386
1570 0.000633273
1571 0.000632162
1572 0.000631053
1573 0.000629946
1574 0.00062884
1575 0.000627737
1576 0.000626636
1577 0.000625537
1578 0.000624439
1579 0.000623344
1580 0.00062225
1581 0.000621159
1582 0.000620069
1583 0.000618981
1584 0.000617895
1585 0.000616811
1586 0.000615729
1587 0.000614649
1588 0.000613571
1589 0.000612494
1590 0.00061142
1591 0.000610347
1592 0.000609276
1593 0.000608207
1594 0.00060714
1595 0.000606075
1596 0.000605012
1597 0.000603951
1598 0.000602891
1599 0.000601833
1600 0.000600778
1601 0.000599724
1602 0.000598671
1603 0.000597621
1604 0.000596573
1605 0.000595526
1606 0.000594481
1607 0.000593438
1608 0.000592397
1609 0.000591358
1610 0.000590321
1611 0.000589285
1612 0.000588251
1613 0.000587219
1614 0.000586189
1615 0.000585161
1616 0.000584134
1617 0.000583109
1618 0.000582086
1619 0.000581065
1620 0.000580046
1621 0.000579028
1622 0.000578012
1623 0.000576998
1624 0.000575986
1625 0.000574976
1626 0.000573967
1627 0.00057296
1628 0.000571955
1629 0.000570951
1630 0.00056995
1631 0.00056895
1632 0.000567952
1633 0.000566955
1634 0.000565961
1635 0.000564968
1636 0.000563977
1637 0.000562987
1638 0.000562
1639 0.000561014
1640 0.000560029
1641 0.000559047
1642 0.000558066
1643 0.000557087
1644 0.00055611
1645 0.000555134
1646 0.00055416
1647 0.000553188
1648 0.000552218
1649 0.000551249
1650 0.000550282
1651 0.000549316
1652 0.000548353
1653 0.000547391
1654 0.00054643
1655 0.000545472
1656 0.000544515
1657 0.00054356
1658 0.000542606
1659 0.000541654
1660 0.000540704
1661 0.000539755
1662 0.000538808
1663 0.000537863
1664 0.00053692
1665 0.000535978
1666 0.000535037
1667 0.000534099
1668 0.000533162
1669 0.000532226
1670 0.000531293
1671 0.000530361
1672 0.00052943
1673 0.000528501
1674 0.000527574
1675 0.000526649
1676 0.000525725
1677 0.000524802
1678 0.000523882
1679 0.000522963
1680 0.000522045
1681 0.000521129
1682 0.000520215
1683 0.000519302
1684 0.000518391
1685 0.000517482
1686 0.000516574
1687 0.000515668
1688 0.000514763
1689 0.00051386
1690 0.000512959
1691 0.000512059
1692 0.00051116
1693 0.000510264
1694 0.000509369
1695 0.000508475
1696 0.000507583
1697 0.000506692
1698 0.000505804
1699 0.000504916
1700 0.00050403
1701 0.000503146
1702 0.000502263
1703 0.000501382
1704 0.000500503
1705 0.000499625
1706 0.000498748
1707 0.000497873
1708 0.000497
1709 0.000496128
1710 0.000495257
1711 0.000494389
1712 0.000493521
1713 0.000492655
1714 0.000491791
1715 0.000490928
1716 0.000490067
1717 0.000489207
1718 0.000488349
1719 0.000487492
1720 0.000486637
1721 0.000485784
1722 0.000484931
1723 0.000484081
1724 0.000483231
1725 0.000482384
1726 0.000481537
1727 0.000480693
1728 0.000479849
1729 0.000479007
1730 0.000478167
1731 0.000477328
1732 0.000476491
1733 0.000475655
1734 0.00047482
1735 0.000473987
1736 0.000473156
1737 0.000472326
1738 0.000471497
1739 0.00047067
1740 0.000469844
1741 0.00046902
1742 0.000468197
1743 0.000467376
1744 0.000466556
1745 0.000465737
1746 0.00046492
1747 0.000464105
1748 0.000463291
1749 0.000462478
1750 0.000461666
1751 0.000460856
1752 0.000460048
1753 0.000459241
1754 0.000458435
1755 0.000457631
1756 0.000456828
1757 0.000456027
1758 0.000455227
1759 0.000454428
1760 0.000453631
1761 0.000452835
1762 0.000452041
1763 0.000451248
1764 0.000450456
1765 0.000449666
1766 0.000448877
1767 0.000448089
1768 0.000447303
1769 0.000446518
1770 0.000445735
1771 0.000444953
1772 0.000444173
1773 0.000443393
1774 0.000442615
1775 0.000441839
1776 0.000441064
1777 0.00044029
1778 0.000439518
1779 0.000438747
1780 0.000437977
1781 0.000437209
1782 0.000436441
1783 0.000435676
1784 0.000434912
1785 0.000434149
1786 0.000433387
1787 0.000432627
1788 0.000431868
1789 0.00043111
1790 0.000430354
1791 0.000429599
1792 0.000428845
1793 0.000428093
1794 0.000427342
1795 0.000426592
1796 0.000425844
1797 0.000425096
1798 0.000424351
1799 0.000423606
1800 0.000422863
1801 0.000422121
1802 0.000421381
1803 0.000420641
1804 0.000419904
1805 0.000419167
1806 0.000418432
1807 0.000417697
1808 0.000416965
1809 0.000416233
1810 0.000415503
1811 0.000414774
1812 0.000414046
1813 0.00041332
1814 0.000412595
1815 0.000411871
1816 0.000411148
1817 0.000410427
1818 0.000409707
1819 0.000408988
1820 0.000408271
1821 0.000407555
1822 0.00040684
1823 0.000406126
1824 0.000405413
1825 0.000404702
1826 0.000403992
1827 0.000403283
1828 0.000402576
1829 0.00040187
1830 0.000401165
1831 0.000400461
1832 0.000399758
1833 0.000399057
1834 0.000398357
1835 0.000397658
1836 0.00039696
1837 0.000396264
1838 0.000395569
1839 0.000394875
1840 0.000394182
1841 0.000393491
1842 0.0003928
1843 0.000392111
1844 0.000391423
1845 0.000390737
1846 0.000390051
1847 0.000389367
1848 0.000388684
1849 0.000388002
1850 0.000387321
1851 0.000386642
1852 0.000385963
1853 0.000385286
1854 0.00038461
1855 0.000383936
1856 0.000383262
1857 0.00038259
1858 0.000381919
1859 0.000381249
1860 0.00038058
1861 0.000379912
1862 0.000379246
1863 0.00037858
1864 0.000377916
1865 0.000377253
1866 0.000376591
1867 0.000375931
1868 0.000375271
1869 0.000374613
1870 0.000373956
1871 0.000373299
1872 0.000372645
1873 0.000371991
1874 0.000371338
1875 0.000370687
1876 0.000370036
1877 0.000369387
1878 0.000368739
1879 0.000368092
1880 0.000367447
1881 0.000366802
1882 0.000366158
1883 0.000365516
1884 0.000364875
1885 0.000364235
1886 0.000363596
1887 0.000362958
1888 0.000362321
1889 0.000361686
1890 0.000361051
1891 0.000360418
1892 0.000359785
1893 0.000359154
1894 0.000358524
1895 0.000357895
1896 0.000357267
1897 0.00035664
1898 0.000356015
1899 0.00035539
1900 0.000354767
1901 0.000354144
1902 0.000353523
1903 0.000352903
1904 0.000352284
1905 0.000351666
1906 0.000351049
1907 0.000350433
1908 0.000349818
1909 0.000349204
1910 0.000348592
1911 0.00034798
1912 0.00034737
1913 0.00034676
1914 0.000346152
1915 0.000345545
1916 0.000344939
1917 0.000344333
1918 0.000343729
1919 0.000343126
1920 0.000342524
1921 0.000341923
1922 0.000341324
1923 0.000340725
1924 0.000340127
1925 0.00033953
1926 0.000338935
1927 0.00033834
1928 0.000337747
1929 0.000337154
1930 0.000336563
1931 0.000335972
1932 0.000335383
1933 0.000334794
1934 0.000334207
1935 0.000333621
1936 0.000333035
1937 0.000332451
1938 0.000331868
1939 0.000331286
1940 0.000330704
1941 0.000330124
1942 0.000329545
1943 0.000328967
1944 0.00032839
1945 0.000327814
1946 0.000327239
1947 0.000326665
1948 0.000326092
1949 0.000325519
1950 0.000324948
1951 0.000324378
1952 0.000323809
1953 0.000323241
1954 0.000322674
1955 0.000322108
1956 0.000321543
1957 0.000320979
1958 0.000320416
1959 0.000319854
1960 0.000319292
1961 0.000318732
1962 0.000318173
1963 0.000317615
1964 0.000317058
1965 0.000316502
1966 0.000315946
1967 0.000315392
1968 0.000314839
1969 0.000314286
1970 0.000313735
1971 0.000313185
1972 0.000312635
1973 0.000312087
1974 0.000311539
1975 0.000310993
1976 0.000310447
1977 0.000309902
1978 0.000309359
1979 0.000308816
1980 0.000308274
1981 0.000307733
1982 0.000307194
1983 0.000306655
1984 0.000306117
1985 0.00030558
1986 0.000305044
1987 0.000304508
1988 0.000303974
1989 0.000303441
1990 0.000302909
1991 0.000302377
1992 0.000301847
1993 0.000301317
1994 0.000300789
1995 0.000300261
1996 0.000299734
1997 0.000299208
1998 0.000298683
1999 0.000298159
