0 0.00998027
1 0.00995403
2 0.0098966
3 0.00982098
4 0.00973506
5 0.00964356
6 0.00954928
7 0.00945385
8 0.00935822
9 0.00926291
10 0.00916824
11 0.00907435
12 0.00898133
13 0.00888922
14 0.00879803
15 0.00870777
16 0.00861844
17 0.00853003
18 0.00844252
19 0.00835591
20 0.00827019
21 0.00818535
22 0.00810138
23 0.00801828
24 0.00793602
25 0.00785462
26 0.00777404
27 0.00769429
28 0.00761537
29 0.00753725
30 0.00745993
31 0.0073834
32 0.00730766
33 0.0072327
34 0.00715851
35 0.00708507
36 0.00701239
37 0.00694046
38 0.00686926
39 0.0067988
40 0.00672906
41 0.00666003
42 0.00659171
43 0.00652409
44 0.00645716
45 0.00639093
46 0.00632537
47 0.00626048
48 0.00619626
49 0.0061327
50 0.00606979
51 0.00600752
52 0.0059459
53 0.0058849
54 0.00582454
55 0.00576479
56 0.00570565
57 0.00564712
58 0.00558919
59 0.00553186
60 0.00547511
61 0.00541895
62 0.00536336
63 0.00530834
64 0.00525389
65 0.00519999
66 0.00514665
67 0.00509386
68 0.0050416
69 0.00498988
70 0.0049387
71 0.00488804
72 0.00483789
73 0.00478827
74 0.00473915
75 0.00469053
76 0.00464242
77 0.00459479
78 0.00454766
79 0.00450101
80 0.00445484
81 0.00440914
82 0.00436391
83 0.00431914
84 0.00427484
85 0.00423099
86 0.00418758
87 0.00414463
88 0.00410211
89 0.00406003
90 0.00401838
91 0.00397716
92 0.00393636
93 0.00389598
94 0.00385602
95 0.00381646
96 0.00377731
97 0.00373857
98 0.00370021
99 0.00366226
100 0.00362469
101 0.00358751
102 0.00355071
103 0.00351428
104 0.00347823
105 0.00344255
106 0.00340724
107 0.00337229
108 0.00333769
109 0.00330345
110 0.00326957
111 0.00323603
112 0.00320283
113 0.00316998
114 0.00313746
115 0.00310527
116 0.00307342
117 0.00304189
118 0.00301069
119 0.0029798
120 0.00294924
121 0.00291898
122 0.00288904
123 0.0028594
124 0.00283007
125 0.00280104
126 0.00277231
127 0.00274387
128 0.00271572
129 0.00268786
130 0.00266029
131 0.002633
132 0.00260599
133 0.00257926
134 0.0025528
135 0.00252661
136 0.0025007
137 0.00247504
138 0.00244965
139 0.00242453
140 0.00239965
141 0.00237504
142 0.00235067
143 0.00232656
144 0.0023027
145 0.00227907
146 0.00225569
147 0.00223256
148 0.00220965
149 0.00218699
150 0.00216455
151 0.00214235
152 0.00212037
153 0.00209862
154 0.00207709
155 0.00205579
156 0.0020347
157 0.00201382
158 0.00199317
159 0.00197272
160 0.00195248
161 0.00193246
162 0.00191263
163 0.00189301
164 0.00187359
165 0.00185437
166 0.00183535
167 0.00181652
168 0.00179789
169 0.00177945
170 0.00176119
171 0.00174313
172 0.00172525
173 0.00170755
174 0.00169003
175 0.00167269
176 0.00165554
177 0.00163855
178 0.00162175
179 0.00160511
180 0.00158864
181 0.00157235
182 0.00155622
183 0.00154025
184 0.00152445
185 0.00150882
186 0.00149334
187 0.00147802
188 0.00146286
189 0.00144785
190 0.001433
191 0.0014183
192 0.00140375
193 0.00138935
194 0.0013751
195 0.00136099
196 0.00134703
197 0.00133321
198 0.00131954
199 0.001306
200 0.0012926
201 0.00127934
202 0.00126622
203 0.00125323
204 0.00124038
205 0.00122765
206 0.00121506
207 0.00120259
208 0.00119026
209 0.00117805
210 0.00116596
211 0.001154
212 0.00114216
213 0.00113045
214 0.00111885
215 0.00110737
216 0.00109602
217 0.00108477
218 0.00107364
219 0.00106263
220 0.00105173
221 0.00104094
222 0.00103026
223 0.00101969
224 0.00100923
225 0.000998882
226 0.000988635
227 0.000978493
228 0.000968456
229 0.000958521
230 0.000948689
231 0.000938957
232 0.000929325
233 0.000919792
234 0.000910357
235 0.000901018
236 0.000891775
237 0.000882627
238 0.000873573
239 0.000864612
240 0.000855743
241 0.000846964
242 0.000838276
243 0.000829677
244 0.000821166
245 0.000812742
246 0.000804405
247 0.000796154
248 0.000787986
249 0.000779903
250 0.000771903
251 0.000763985
252 0.000756148
253 0.000748391
254 0.000740714
255 0.000733115
256 0.000725595
257 0.000718152
258 0.000710785
259 0.000703494
260 0.000696277
261 0.000689135
262 0.000682065
263 0.000675069
264 0.000668144
265 0.00066129
266 0.000654506
267 0.000647792
268 0.000641147
269 0.00063457
270 0.000628061
271 0.000621618
272 0.000615241
273 0.00060893
274 0.000602684
275 0.000596501
276 0.000590382
277 0.000584326
278 0.000578332
279 0.000572399
280 0.000566528
281 0.000560716
282 0.000554964
283 0.000549271
284 0.000543637
285 0.00053806
286 0.000532541
287 0.000527078
288 0.000521671
289 0.00051632
290 0.000511023
291 0.000505781
292 0.000500593
293 0.000495457
294 0.000490375
295 0.000485345
296 0.000480366
297 0.000475438
298 0.000470561
299 0.000465734
300 0.000460956
301 0.000456228
302 0.000451548
303 0.000446916
304 0.000442331
305 0.000437794
306 0.000433303
307 0.000428858
308 0.000424459
309 0.000420105
310 0.000415795
311 0.00041153
312 0.000407308
313 0.00040313
314 0.000398995
315 0.000394902
316 0.000390851
317 0.000386841
318 0.000382873
319 0.000378946
320 0.000375058
321 0.000371211
322 0.000367403
323 0.000363634
324 0.000359904
325 0.000356212
326 0.000352558
327 0.000348941
328 0.000345362
329 0.000341819
330 0.000338313
331 0.000334842
332 0.000331407
333 0.000328008
334 0.000324643
335 0.000321313
336 0.000318017
337 0.000314754
338 0.000311526
339 0.00030833
340 0.000305167
341 0.000302037
342 0.000298938
343 0.000295872
344 0.000292837
345 0.000289833
346 0.00028686
347 0.000283917
348 0.000281005
349 0.000278122
350 0.000275269
351 0.000272445
352 0.00026965
353 0.000266884
354 0.000264147
355 0.000261437
356 0.000258755
357 0.000256101
358 0.000253474
359 0.000250873
360 0.0002483
361 0.000245753
362 0.000243232
363 0.000240737
364 0.000238267
365 0.000235823
366 0.000233404
367 0.00023101
368 0.00022864
369 0.000226295
370 0.000223973
371 0.000221676
372 0.000219402
373 0.000217151
374 0.000214923
375 0.000212719
376 0.000210537
377 0.000208377
378 0.000206239
379 0.000204124
380 0.00020203
381 0.000199957
382 0.000197906
383 0.000195876
384 0.000193867
385 0.000191878
386 0.00018991
387 0.000187962
388 0.000186033
389 0.000184125
390 0.000182236
391 0.000180367
392 0.000178517
393 0.000176685
394 0.000174873
395 0.000173079
396 0.000171304
397 0.000169546
398 0.000167807
399 0.000166086
400 0.000164382
401 0.000162696
402 0.000161027
403 0.000159375
404 0.00015774
405 0.000156122
406 0.000154521
407 0.000152935
408 0.000151367
409 0.000149814
410 0.000148277
411 0.000146756
412 0.000145251
413 0.000143761
414 0.000142286
415 0.000140826
416 0.000139382
417 0.000137952
418 0.000136537
419 0.000135136
420 0.00013375
421 0.000132378
422 0.00013102
423 0.000129676
424 0.000128346
425 0.000127029
426 0.000125726
427 0.000124436
428 0.00012316
429 0.000121896
430 0.000120646
431 0.000119408
432 0.000118183
433 0.000116971
434 0.000115771
435 0.000114584
436 0.000113408
437 0.000112245
438 0.000111093
439 0.000109954
440 0.000108826
441 0.00010771
442 0.000106605
443 0.000105511
444 0.000104429
445 0.000103358
446 0.000102297
447 0.000101248
448 0.000100209
449 9.91813e-05
450 9.81639e-05
451 9.71569e-05
452 9.61603e-05
453 9.51738e-05
454 9.41975e-05
455 9.32312e-05
456 9.22749e-05
457 9.13283e-05
458 9.03914e-05
459 8.94642e-05
460 8.85465e-05
461 8.76381e-05
462 8.67391e-05
463 8.58494e-05
464 8.49687e-05
465 8.40971e-05
466 8.32344e-05
467 8.23806e-05
468 8.15355e-05
469 8.06991e-05
470 7.98713e-05
471 7.9052e-05
472 7.8241e-05
473 7.74384e-05
474 7.66441e-05
475 7.58578e-05
476 7.50797e-05
477 7.43095e-05
478 7.35472e-05
479 7.27928e-05
480 7.2046e-05
481 7.1307e-05
482 7.05755e-05
483 6.98515e-05
484 6.9135e-05
485 6.84258e-05
486 6.77239e-05
487 6.70292e-05
488 6.63416e-05
489 6.5661e-05
490 6.49875e-05
491 6.43208e-05
492 6.3661e-05
493 6.3008e-05
494 6.23616e-05
495 6.17219e-05
496 6.10888e-05
497 6.04621e-05
498 5.98419e-05
499 5.9228e-05
500 5.86204e-05
501 5.80191e-05
502 5.74239e-05
503 5.68349e-05
504 5.62519e-05
505 5.56748e-05
506 5.51037e-05
507 5.45384e-05
508 5.3979e-05
509 5.34252e-05
510 5.28772e-05
511 5.23348e-05
512 5.17979e-05
513 5.12666e-05
514 5.07407e-05
515 5.02202e-05
516 4.9705e-05
517 4.91951e-05
518 4.86905e-05
519 4.8191e-05
520 4.76967e-05
521 4.72074e-05
522 4.67231e-05
523 4.62438e-05
524 4.57695e-05
525 4.52999e-05
526 4.48353e-05
527 4.43753e-05
528 4.39201e-05
529 4.34696e-05
530 4.30237e-05
531 4.25823e-05
532 4.21455e-05
533 4.17132e-05
534 4.12853e-05
535 4.08618e-05
536 4.04426e-05
537 4.00277e-05
538 3.96171e-05
539 3.92107e-05
540 3.88085e-05
541 3.84104e-05
542 3.80164e-05
543 3.76264e-05
544 3.72404e-05
545 3.68584e-05
546 3.64803e-05
547 3.61061e-05
548 3.57357e-05
549 3.53691e-05
550 3.50063e-05
551 3.46472e-05
552 3.42918e-05
553 3.394e-05
554 3.35919e-05
555 3.32473e-05
556 3.29062e-05
557 3.25687e-05
558 3.22346e-05
559 3.19039e-05
560 3.15766e-05
561 3.12527e-05
562 3.09321e-05
563 3.06148e-05
564 3.03008e-05
565 2.99899e-05
566 2.96823e-05
567 2.93778e-05
568 2.90764e-05
569 2.87782e-05
570 2.8483e-05
571 2.81908e-05
572 2.79016e-05
573 2.76154e-05
574 2.73321e-05
575 2.70517e-05
576 2.67742e-05
577 2.64996e-05
578 2.62277e-05
579 2.59587e-05
580 2.56924e-05
581 2.54288e-05
582 2.5168e-05
583 2.49098e-05
584 2.46543e-05
585 2.44014e-05
586 2.41511e-05
587 2.39033e-05
588 2.36581e-05
589 2.34154e-05
590 2.31752e-05
591 2.29375e-05
592 2.27022e-05
593 2.24693e-05
594 2.22388e-05
595 2.20107e-05
596 2.17849e-05
597 2.15614e-05
598 2.13403e-05
599 2.11213e-05
600 2.09047e-05
601 2.06902e-05
602 2.0478e-05
603 2.02679e-05
604 2.006e-05
605 1.98542e-05
606 1.96506e-05
607 1.9449e-05
608 1.92495e-05
609 1.9052e-05
610 1.88566e-05
611 1.86632e-05
612 1.84717e-05
613 1.82822e-05
614 1.80947e-05
615 1.79091e-05
616 1.77253e-05
617 1.75435e-05
618 1.73636e-05
619 1.71854e-05
620 1.70091e-05
621 1.68347e-05
622 1.6662e-05
623 1.64911e-05
624 1.63219e-05
625 1.61545e-05
626 1.59887e-05
627 1.58247e-05
628 1.56624e-05
629 1.55017e-05
630 1.53427e-05
631 1.51853e-05
632 1.50295e-05
633 1.48754e-05
634 1.47228e-05
635 1.45717e-05
636 1.44223e-05
637 1.42743e-05
638 1.41279e-05
639 1.3983e-05
640 1.38395e-05
641 1.36976e-05
642 1.35571e-05
643 1.3418e-05
644 1.32803e-05
645 1.31441e-05
646 1.30093e-05
647 1.28758e-05
648 1.27437e-05
649 1.2613e-05
650 1.24836e-05
651 1.23556e-05
652 1.22288e-05
653 1.21034e-05
654 1.19792e-05
655 1.18563e-05
656 1.17347e-05
657 1.16143e-05
658 1.14952e-05
659 1.13773e-05
660 1.12606e-05
661 1.11451e-05
662 1.10307e-05
663 1.09176e-05
664 1.08056e-05
665 1.06947e-05
666 1.0585e-05
667 1.04764e-05
668 1.0369e-05
669 1.02626e-05
670 1.01573e-05
671 1.00531e-05
672 9.95001e-06
673 9.84795e-06
674 9.74692e-06
675 9.64694e-06
676 9.54798e-06
677 9.45003e-06
678 9.35309e-06
679 9.25715e-06
680 9.16219e-06
681 9.0682e-06
682 8.97518e-06
683 8.88311e-06
684 8.79199e-06
685 8.7018e-06
686 8.61253e-06
687 8.52418e-06
688 8.43674e-06
689 8.3502e-06
690 8.26454e-06
691 8.17976e-06
692 8.09585e-06
693 8.0128e-06
694 7.93061e-06
695 7.84925e-06
696 7.76874e-06
697 7.68904e-06
698 7.61017e-06
699 7.5321e-06
700 7.45484e-06
701 7.37836e-06
702 7.30268e-06
703 7.22776e-06
704 7.15362e-06
705 7.08024e-06
706 7.00761e-06
707 6.93572e-06
708 6.86458e-06
709 6.79416e-06
710 6.72446e-06
711 6.65548e-06
712 6.58721e-06
713 6.51964e-06
714 6.45276e-06
715 6.38656e-06
716 6.32105e-06
717 6.25621e-06
718 6.19203e-06
719 6.12851e-06
720 6.06565e-06
721 6.00342e-06
722 5.94184e-06
723 5.88089e-06
724 5.82056e-06
725 5.76085e-06
726 5.70176e-06
727 5.64327e-06
728 5.58538e-06
729 5.52808e-06
730 5.47138e-06
731 5.41525e-06
732 5.3597e-06
733 5.30472e-06
734 5.2503e-06
735 5.19644e-06
736 5.14314e-06
737 5.09038e-06
738 5.03816e-06
739 4.98648e-06
740 4.93533e-06
741 4.8847e-06
742 4.83459e-06
743 4.785e-06
744 4.73591e-06
745 4.68733e-06
746 4.63925e-06
747 4.59166e-06
748 4.54456e-06
749 4.49794e-06
750 4.4518e-06
751 4.40613e-06
752 4.36093e-06
753 4.3162e-06
754 4.27192e-06
755 4.2281e-06
756 4.18473e-06
757 4.1418e-06
758 4.09931e-06
759 4.05726e-06
760 4.01564e-06
761 3.97445e-06
762 3.93368e-06
763 3.89333e-06
764 3.85339e-06
765 3.81386e-06
766 3.77474e-06
767 3.73601e-06
768 3.69769e-06
769 3.65976e-06
770 3.62222e-06
771 3.58506e-06
772 3.54828e-06
773 3.51188e-06
774 3.47586e-06
775 3.4402e-06
776 3.40491e-06
777 3.36998e-06
778 3.33542e-06
779 3.3012e-06
780 3.26734e-06
781 3.23382e-06
782 3.20065e-06
783 3.16781e-06
784 3.13532e-06
785 3.10316e-06
786 3.07132e-06
787 3.03982e-06
788 3.00863e-06
789 2.97777e-06
790 2.94722e-06
791 2.91699e-06
792 2.88707e-06
793 2.85745e-06
794 2.82814e-06
795 2.79913e-06
796 2.77042e-06
797 2.742e-06
798 2.71387e-06
799 2.68603e-06
800 2.65848e-06
801 2.6312e-06
802 2.60421e-06
803 2.5775e-06
804 2.55106e-06
805 2.52489e-06
806 2.49899e-06
807 2.47335e-06
808 2.44798e-06
809 2.42287e-06
810 2.39802e-06
811 2.37342e-06
812 2.34907e-06
813 2.32497e-06
814 2.30112e-06
815 2.27752e-06
816 2.25416e-06
817 2.23103e-06
818 2.20815e-06
819 2.18549e-06
820 2.16308e-06
821 2.14089e-06
822 2.11892e-06
823 2.09719e-06
824 2.07568e-06
825 2.05438e-06
826 2.03331e-06
827 2.01245e-06
828 1.99181e-06
829 1.97137e-06
830 1.95115e-06
831 1.93114e-06
832 1.91133e-06
833 1.89172e-06
834 1.87231e-06
835 1.85311e-06
836 1.8341e-06
837 1.81528e-06
838 1.79666e-06
839 1.77823e-06
840 1.75999e-06
841 1.74194e-06
842 1.72407e-06
843 1.70638e-06
844 1.68888e-06
845 1.67155e-06
846 1.65441e-06
847 1.63744e-06
848 1.62064e-06
849 1.60401e-06
850 1.58756e-06
851 1.57127e-06
852 1.55516e-06
853 1.5392e-06
854 1.52341e-06
855 1.50779e-06
856 1.49232e-06
857 1.47701e-06
858 1.46186e-06
859 1.44686e-06
860 1.43202e-06
861 1.41733e-06
862 1.40279e-06
863 1.3884e-06
864 1.37416e-06
865 1.36006e-06
866 1.34611e-06
867 1.3323e-06
868 1.31864e-06
869 1.30511e-06
870 1.29172e-06
871 1.27847e-06
872 1.26536e-06
873 1.25238e-06
874 1.23953e-06
875 1.22681e-06
876 1.21423e-06
877 1.20177e-06
878 1.18945e-06
879 1.17724e-06
880 1.16517e-06
881 1.15322e-06
882 1.14139e-06
883 1.12968e-06
884 1.11809e-06
885 1.10662e-06
886 1.09527e-06
887 1.08403e-06
888 1.07291e-06
889 1.06191e-06
890 1.05101e-06
891 1.04023e-06
892 1.02956e-06
893 1.019e-06
894 1.00855e-06
895 9.982e-07
896 9.8796e-07
897 9.77826e-07
898 9.67795e-07
899 9.57867e-07
900 9.48041e-07
901 9.38316e-07
902 9.28691e-07
903 9.19164e-07
904 9.09735e-07
905 9.00403e-07
906 8.91167e-07
907 8.82025e-07
908 8.72977e-07
909 8.64022e-07
910 8.55159e-07
911 8.46386e-07
912 8.37704e-07
913 8.29111e-07
914 8.20606e-07
915 8.12188e-07
916 8.03856e-07
917 7.9561e-07
918 7.87449e-07
919 7.79371e-07
920 7.71376e-07
921 7.63463e-07
922 7.55631e-07
923 7.4788e-07
924 7.40208e-07
925 7.32615e-07
926 7.251e-07
927 7.17662e-07
928 7.103e-07
929 7.03014e-07
930 6.95802e-07
931 6.88664e-07
932 6.816e-07
933 6.74608e-07
934 6.67688e-07
935 6.60839e-07
936 6.5406e-07
937 6.4735e-07
938 6.4071e-07
939 6.34137e-07
940 6.27632e-07
941 6.21194e-07
942 6.14821e-07
943 6.08514e-07
944 6.02272e-07
945 5.96094e-07
946 5.89979e-07
947 5.83927e-07
948 5.77937e-07
949 5.72009e-07
950 5.66141e-07
951 5.60333e-07
952 5.54585e-07
953 5.48896e-07
954 5.43266e-07
955 5.37693e-07
956 5.32177e-07
957 5.26718e-07
958 5.21315e-07
959 5.15967e-07
960 5.10674e-07
961 5.05436e-07
962 5.00251e-07
963 4.95119e-07
964 4.9004e-07
965 4.85013e-07
966 4.80038e-07
967 4.75114e-07
968 4.7024e-07
969 4.65416e-07
970 4.60642e-07
971 4.55917e-07
972 4.5124e-07
973 4.46611e-07
974 4.42029e-07
975 4.37495e-07
976 4.33007e-07
977 4.28565e-07
978 4.24169e-07
979 4.19818e-07
980 4.15511e-07
981 4.11249e-07
982 4.0703e-07
983 4.02855e-07
984 3.98722e-07
985 3.94632e-07
986 3.90584e-07
987 3.86577e-07
988 3.82612e-07
989 3.78687e-07
990 3.74802e-07
991 3.70958e-07
992 3.67152e-07
993 3.63386e-07
994 3.59658e-07
995 3.55969e-07
996 3.52317e-07
997 3.48703e-07
998 3.45126e-07
999 3.41586e-07
1000 3.38082e-07
1001 3.34614e-07
1002 3.31181e-07
1003 3.27784e-07
1004 3.24421e-07
1005 3.21094e-07
1006 3.178e-07
1007 3.1454e-07
1008 3.11313e-07
1009 3.0812e-07
1010 3.04959e-07
1011 3.01831e-07
1012 2.98734e-07
1013 2.9567e-07
1014 2.92637e-07
1015 2.89635e-07
1016 2.86664e-07
1017 2.83723e-07
1018 2.80813e-07
1019 2.77932e-07
1020 2.75081e-07
1021 2.72259e-07
1022 2.69466e-07
1023 2.66702e-07
1024 2.63966e-07
1025 2.61259e-07
1026 2.58578e-07
1027 2.55926e-07
1028 2.53301e-07
1029 2.50702e-07
1030 2.48131e-07
1031 2.45585e-07
1032 2.43066e-07
1033 2.40573e-07
1034 2.38105e-07
1035 2.35662e-07
1036 2.33245e-07
1037 2.30852e-07
1038 2.28484e-07
1039 2.2614e-07
1040 2.2382e-07
1041 2.21524e-07
1042 2.19252e-07
1043 2.17003e-07
1044 2.14777e-07
1045 2.12574e-07
1046 2.10393e-07
1047 2.08235e-07
1048 2.06099e-07
1049 2.03984e-07
1050 2.01892e-07
1051 1.99821e-07
1052 1.97771e-07
1053 1.95742e-07
1054 1.93734e-07
1055 1.91747e-07
1056 1.8978e-07
1057 1.87833e-07
1058 1.85907e-07
1059 1.83999e-07
1060 1.82112e-07
1061 1.80244e-07
1062 1.78395e-07
1063 1.76565e-07
1064 1.74754e-07
1065 1.72961e-07
1066 1.71187e-07
1067 1.69431e-07
1068 1.67693e-07
1069 1.65972e-07
1070 1.6427e-07
1071 1.62585e-07
1072 1.60917e-07
1073 1.59266e-07
1074 1.57633e-07
1075 1.56015e-07
1076 1.54415e-07
1077 1.52831e-07
1078 1.51263e-07
1079 1.49712e-07
1080 1.48176e-07
1081 1.46656e-07
1082 1.45151e-07
1083 1.43662e-07
1084 1.42189e-07
1085 1.4073e-07
1086 1.39287e-07
1087 1.37858e-07
1088 1.36444e-07
1089 1.35044e-07
1090 1.33659e-07
1091 1.32288e-07
1092 1.3093e-07
1093 1.29587e-07
1094 1.28258e-07
1095 1.26942e-07
1096 1.2564e-07
1097 1.24351e-07
1098 1.23076e-07
1099 1.21813e-07
1100 1.20564e-07
1101 1.19327e-07
1102 1.18103e-07
1103 1.16891e-07
1104 1.15692e-07
1105 1.14505e-07
1106 1.13331e-07
1107 1.12168e-07
1108 1.11018e-07
1109 1.09879e-07
1110 1.08752e-07
1111 1.07636e-07
1112 1.06532e-07
1113 1.05439e-07
1114 1.04357e-07
1115 1.03287e-07
1116 1.02227e-07
1117 1.01179e-07
1118 1.00141e-07
1119 9.91136e-08
1120 9.80969e-08
1121 9.70906e-08
1122 9.60946e-08
1123 9.51089e-08
1124 9.41332e-08
1125 9.31676e-08
1126 9.22119e-08
1127 9.1266e-08
1128 9.03298e-08
1129 8.94031e-08
1130 8.8486e-08
1131 8.75783e-08
1132 8.66799e-08
1133 8.57908e-08
1134 8.49107e-08
1135 8.40397e-08
1136 8.31776e-08
1137 8.23244e-08
1138 8.14799e-08
1139 8.0644e-08
1140 7.98168e-08
1141 7.8998e-08
1142 7.81876e-08
1143 7.73856e-08
1144 7.65917e-08
1145 7.58061e-08
1146 7.50284e-08
1147 7.42588e-08
1148 7.3497e-08
1149 7.27431e-08
1150 7.19969e-08
1151 7.12583e-08
1152 7.05273e-08
1153 6.98039e-08
1154 6.90878e-08
1155 6.83791e-08
1156 6.76777e-08
1157 6.69834e-08
1158 6.62963e-08
1159 6.56162e-08
1160 6.49431e-08
1161 6.42769e-08
1162 6.36176e-08
1163 6.2965e-08
1164 6.23191e-08
1165 6.16798e-08
1166 6.10471e-08
1167 6.04208e-08
1168 5.9801e-08
1169 5.91876e-08
1170 5.85804e-08
1171 5.79795e-08
1172 5.73847e-08
1173 5.67961e-08
1174 5.62135e-08
1175 5.56368e-08
1176 5.50661e-08
1177 5.45012e-08
1178 5.39421e-08
1179 5.33888e-08
1180 5.28411e-08
1181 5.22991e-08
1182 5.17626e-08
1183 5.12316e-08
1184 5.0706e-08
1185 5.01859e-08
1186 4.96711e-08
1187 4.91616e-08
1188 4.86573e-08
1189 4.81581e-08
1190 4.76641e-08
1191 4.71752e-08
1192 4.66912e-08
1193 4.62123e-08
1194 4.57382e-08
1195 4.5269e-08
1196 4.48047e-08
1197 4.4345e-08
1198 4.38901e-08
1199 4.34399e-08
1200 4.29943e-08
1201 4.25533e-08
1202 4.21167e-08
1203 4.16847e-08
1204 4.12571e-08
1205 4.08339e-08
1206 4.0415e-08
1207 4.00004e-08
1208 3.95901e-08
1209 3.9184e-08
1210 3.8782e-08
1211 3.83842e-08
1212 3.79904e-08
1213 3.76007e-08
1214 3.7215e-08
1215 3.68333e-08
1216 3.64554e-08
1217 3.60814e-08
1218 3.57113e-08
1219 3.5345e-08
1220 3.49824e-08
1221 3.46236e-08
1222 3.42684e-08
1223 3.39169e-08
1224 3.35689e-08
1225 3.32246e-08
1226 3.28838e-08
1227 3.25464e-08
1228 3.22126e-08
1229 3.18821e-08
1230 3.15551e-08
1231 3.12314e-08
1232 3.0911e-08
1233 3.05939e-08
1234 3.02801e-08
1235 2.99695e-08
1236 2.9662e-08
1237 2.93578e-08
1238 2.90566e-08
1239 2.87585e-08
1240 2.84635e-08
1241 2.81715e-08
1242 2.78826e-08
1243 2.75965e-08
1244 2.73134e-08
1245 2.70333e-08
1246 2.6756e-08
1247 2.64815e-08
1248 2.62098e-08
1249 2.5941e-08
1250 2.56749e-08
1251 2.54115e-08
1252 2.51508e-08
1253 2.48928e-08
1254 2.46375e-08
1255 2.43847e-08
1256 2.41346e-08
1257 2.3887e-08
1258 2.3642e-08
1259 2.33995e-08
1260 2.31594e-08
1261 2.29218e-08
1262 2.26867e-08
1263 2.2454e-08
1264 2.22237e-08
1265 2.19957e-08
1266 2.177e-08
1267 2.15467e-08
1268 2.13257e-08
1269 2.11069e-08
1270 2.08904e-08
1271 2.06761e-08
1272 2.0464e-08
1273 2.02541e-08
1274 2.00463e-08
1275 1.98407e-08
1276 1.96372e-08
1277 1.94357e-08
1278 1.92363e-08
1279 1.9039e-08
1280 1.88437e-08
1281 1.86504e-08
1282 1.84591e-08
1283 1.82697e-08
1284 1.80823e-08
1285 1.78968e-08
1286 1.77132e-08
1287 1.75315e-08
1288 1.73517e-08
1289 1.71737e-08
1290 1.69975e-08
1291 1.68232e-08
1292 1.66506e-08
1293 1.64798e-08
1294 1.63107e-08
1295 1.61434e-08
1296 1.59778e-08
1297 1.58139e-08
1298 1.56517e-08
1299 1.54911e-08
1300 1.53322e-08
1301 1.5175e-08
1302 1.50193e-08
1303 1.48652e-08
1304 1.47127e-08
1305 1.45618e-08
1306 1.44124e-08
1307 1.42646e-08
1308 1.41183e-08
1309 1.39734e-08
1310 1.38301e-08
1311 1.36882e-08
1312 1.35478e-08
1313 1.34088e-08
1314 1.32713e-08
1315 1.31351e-08
1316 1.30004e-08
1317 1.2867e-08
1318 1.2735e-08
1319 1.26044e-08
1320 1.24751e-08
1321 1.23471e-08
1322 1.22205e-08
1323 1.20951e-08
1324 1.1971e-08
1325 1.18482e-08
1326 1.17267e-08
1327 1.16064e-08
1328 1.14874e-08
1329 1.13695e-08
1330 1.12529e-08
1331 1.11375e-08
1332 1.10232e-08
1333 1.09101e-08
1334 1.07982e-08
1335 1.06874e-08
1336 1.05778e-08
1337 1.04693e-08
1338 1.03619e-08
1339 1.02556e-08
1340 1.01504e-08
1341 1.00463e-08
1342 9.94322e-09
1343 9.84122e-09
1344 9.74027e-09
1345 9.64035e-09
1346 9.54146e-09
1347 9.44359e-09
1348 9.34671e-09
1349 9.25083e-09
1350 9.15594e-09
1351 9.06201e-09
1352 8.96905e-09
1353 8.87705e-09
1354 8.78599e-09
1355 8.69586e-09
1356 8.60666e-09
1357 8.51837e-09
1358 8.43098e-09
1359 8.3445e-09
1360 8.2589e-09
1361 8.17418e-09
1362 8.09033e-09
1363 8.00734e-09
1364 7.9252e-09
1365 7.8439e-09
1366 7.76343e-09
1367 7.6838e-09
1368 7.60497e-09
1369 7.52696e-09
1370 7.44975e-09
1371 7.37333e-09
1372 7.29769e-09
1373 7.22283e-09
1374 7.14874e-09
1375 7.07541e-09
1376 7.00283e-09
1377 6.93099e-09
1378 6.85989e-09
1379 6.78952e-09
1380 6.71987e-09
1381 6.65094e-09
1382 6.58271e-09
1383 6.51519e-09
1384 6.44835e-09
1385 6.38221e-09
1386 6.31674e-09
1387 6.25194e-09
1388 6.18781e-09
1389 6.12433e-09
1390 6.06151e-09
1391 5.99933e-09
1392 5.93778e-09
1393 5.87687e-09
1394 5.81659e-09
1395 5.75692e-09
1396 5.69787e-09
1397 5.63942e-09
1398 5.58157e-09
1399 5.52431e-09
1400 5.46764e-09
1401 5.41155e-09
1402 5.35604e-09
1403 5.3011e-09
1404 5.24672e-09
1405 5.1929e-09
1406 5.13963e-09
1407 5.08691e-09
1408 5.03472e-09
1409 4.98308e-09
1410 4.93196e-09
1411 4.88137e-09
1412 4.83129e-09
1413 4.78173e-09
1414 4.73268e-09
1415 4.68413e-09
1416 4.63608e-09
1417 4.58852e-09
1418 4.54146e-09
1419 4.49487e-09
1420 4.44876e-09
1421 4.40312e-09
1422 4.35796e-09
1423 4.31325e-09
1424 4.26901e-09
1425 4.22521e-09
1426 4.18187e-09
1427 4.13897e-09
1428 4.09651e-09
1429 4.05449e-09
1430 4.0129e-09
1431 3.97174e-09
1432 3.93099e-09
1433 3.89067e-09
1434 3.85076e-09
1435 3.81126e-09
1436 3.77216e-09
1437 3.73346e-09
1438 3.69517e-09
1439 3.65726e-09
1440 3.61974e-09
1441 3.58261e-09
1442 3.54586e-09
1443 3.50949e-09
1444 3.47349e-09
1445 3.43785e-09
1446 3.40259e-09
1447 3.36768e-09
1448 3.33314e-09
1449 3.29895e-09
1450 3.26511e-09
1451 3.23161e-09
1452 3.19846e-09
1453 3.16565e-09
1454 3.13318e-09
1455 3.10104e-09
1456 3.06923e-09
1457 3.03774e-09
1458 3.00658e-09
1459 2.97574e-09
1460 2.94521e-09
1461 2.915e-09
1462 2.8851e-09
1463 2.8555e-09
1464 2.82621e-09
1465 2.79722e-09
1466 2.76852e-09
1467 2.74012e-09
1468 2.71202e-09
1469 2.6842e-09
1470 2.65666e-09
1471 2.62941e-09
1472 2.60244e-09
1473 2.57574e-09
1474 2.54932e-09
1475 2.52317e-09
1476 2.49728e-09
1477 2.47167e-09
1478 2.44631e-09
1479 2.42122e-09
1480 2.39638e-09
1481 2.3718e-09
1482 2.34747e-09
1483 2.32339e-09
1484 2.29955e-09
1485 2.27596e-09
1486 2.25262e-09
1487 2.22951e-09
1488 2.20664e-09
1489 2.184e-09
1490 2.1616e-09
1491 2.13942e-09
1492 2.11748e-09
1493 2.09576e-09
1494 2.07426e-09
1495 2.05298e-09
1496 2.03192e-09
1497 2.01108e-09
1498 1.99045e-09
1499 1.97003e-09
1500 1.94982e-09
1501 1.92982e-09
1502 1.91002e-09
1503 1.89043e-09
1504 1.87104e-09
1505 1.85184e-09
1506 1.83285e-09
1507 1.81405e-09
1508 1.79544e-09
1509 1.77702e-09
1510 1.75879e-09
1511 1.74075e-09
1512 1.72289e-09
1513 1.70522e-09
1514 1.68773e-09
1515 1.67041e-09
1516 1.65328e-09
1517 1.63632e-09
1518 1.61953e-09
1519 1.60292e-09
1520 1.58648e-09
1521 1.5702e-09
1522 1.55409e-09
1523 1.53815e-09
1524 1.52237e-09
1525 1.50676e-09
1526 1.4913e-09
1527 1.476e-09
1528 1.46086e-09
1529 1.44588e-09
1530 1.43104e-09
1531 1.41636e-09
1532 1.40183e-09
1533 1.38745e-09
1534 1.37322e-09
1535 1.35914e-09
1536 1.34519e-09
1537 1.33139e-09
1538 1.31774e-09
1539 1.30422e-09
1540 1.29084e-09
1541 1.2776e-09
1542 1.26449e-09
1543 1.25152e-09
1544 1.23868e-09
1545 1.22598e-09
1546 1.2134e-09
1547 1.20095e-09
1548 1.18863e-09
1549 1.17644e-09
1550 1.16437e-09
1551 1.15243e-09
1552 1.14061e-09
1553 1.12891e-09
1554 1.11733e-09
1555 1.10586e-09
1556 1.09452e-09
1557 1.08329e-09
1558 1.07218e-09
1559 1.06118e-09
1560 1.0503e-09
1561 1.03952e-09
1562 1.02886e-09
1563 1.0183e-09
1564 1.00786e-09
1565 9.97519e-10
1566 9.87286e-10
1567 9.77158e-10
1568 9.67134e-10
1569 9.57213e-10
1570 9.47394e-10
1571 9.37676e-10
1572 9.28057e-10
1573 9.18537e-10
1574 9.09114e-10
1575 8.99789e-10
1576 8.90558e-10
1577 8.81423e-10
1578 8.72381e-10
1579 8.63432e-10
1580 8.54575e-10
1581 8.45809e-10
1582 8.37132e-10
1583 8.28545e-10
1584 8.20046e-10
1585 8.11633e-10
1586 8.03308e-10
1587 7.95067e-10
1588 7.86911e-10
1589 7.78839e-10
1590 7.7085e-10
1591 7.62942e-10
1592 7.55116e-10
1593 7.4737e-10
1594 7.39703e-10
1595 7.32115e-10
1596 7.24605e-10
1597 7.17172e-10
1598 7.09815e-10
1599 7.02534e-10
1600 6.95327e-10
1601 6.88194e-10
1602 6.81135e-10
1603 6.74148e-10
1604 6.67232e-10
1605 6.60388e-10
1606 6.53613e-10
1607 6.46908e-10
1608 6.40272e-10
1609 6.33704e-10
1610 6.27204e-10
1611 6.2077e-10
1612 6.14402e-10
1613 6.08099e-10
1614 6.01861e-10
1615 5.95687e-10
1616 5.89577e-10
1617 5.83529e-10
1618 5.77543e-10
1619 5.71618e-10
1620 5.65755e-10
1621 5.59951e-10
1622 5.54207e-10
1623 5.48522e-10
1624 5.42895e-10
1625 5.37326e-10
1626 5.31814e-10
1627 5.26359e-10
1628 5.20959e-10
1629 5.15615e-10
1630 5.10326e-10
1631 5.05091e-10
1632 4.9991e-10
1633 4.94781e-10
1634 4.89706e-10
1635 4.84682e-10
1636 4.7971e-10
1637 4.7479e-10
1638 4.69919e-10
1639 4.65099e-10
1640 4.60328e-10
1641 4.55605e-10
1642 4.50932e-10
1643 4.46306e-10
1644 4.41728e-10
1645 4.37197e-10
1646 4.32712e-10
1647 4.28273e-10
1648 4.2388e-10
1649 4.19531e-10
1650 4.15228e-10
1651 4.10968e-10
1652 4.06753e-10
1653 4.0258e-10
1654 3.9845e-10
1655 3.94363e-10
1656 3.90318e-10
1657 3.86314e-10
1658 3.82351e-10
1659 3.78429e-10
1660 3.74547e-10
1661 3.70704e-10
1662 3.66902e-10
1663 3.63138e-10
1664 3.59413e-10
1665 3.55726e-10
1666 3.52077e-10
1667 3.48465e-10
1668 3.44891e-10
1669 3.41353e-10
1670 3.37851e-10
1671 3.34385e-10
1672 3.30955e-10
1673 3.2756e-10
1674 3.242e-10
1675 3.20874e-10
1676 3.17583e-10
1677 3.14325e-10
1678 3.11101e-10
1679 3.07909e-10
1680 3.04751e-10
1681 3.01625e-10
1682 2.98531e-10
1683 2.95468e-10
1684 2.92437e-10
1685 2.89437e-10
1686 2.86468e-10
1687 2.8353e-10
1688 2.80621e-10
1689 2.77743e-10
1690 2.74893e-10
1691 2.72073e-10
1692 2.69283e-10
1693 2.6652e-10
1694 2.63786e-10
1695 2.6108e-10
1696 2.58402e-10
1697 2.55751e-10
1698 2.53128e-10
1699 2.50531e-10
1700 2.47961e-10
1701 2.45418e-10
1702 2.429e-10
1703 2.40408e-10
1704 2.37942e-10
1705 2.35501e-10
1706 2.33086e-10
1707 2.30695e-10
1708 2.28328e-10
1709 2.25986e-10
1710 2.23668e-10
1711 2.21373e-10
1712 2.19102e-10
1713 2.16855e-10
1714 2.1463e-10
1715 2.12429e-10
1716 2.10249e-10
1717 2.08093e-10
1718 2.05958e-10
1719 2.03845e-10
1720 2.01754e-10
1721 1.99685e-10
1722 1.97636e-10
1723 1.95609e-10
1724 1.93602e-10
1725 1.91616e-10
1726 1.89651e-10
1727 1.87705e-10
1728 1.8578e-10
1729 1.83874e-10
1730 1.81988e-10
1731 1.80121e-10
1732 1.78273e-10
1733 1.76444e-10
1734 1.74634e-10
1735 1.72843e-10
1736 1.7107e-10
1737 1.69315e-10
1738 1.67578e-10
1739 1.65859e-10
1740 1.64158e-10
1741 1.62474e-10
1742 1.60807e-10
1743 1.59158e-10
1744 1.57525e-10
1745 1.55909e-10
1746 1.5431e-10
1747 1.52727e-10
1748 1.5116e-10
1749 1.4961e-10
1750 1.48075e-10
1751 1.46556e-10
1752 1.45052e-10
1753 1.43564e-10
1754 1.42092e-10
1755 1.40634e-10
1756 1.39192e-10
1757 1.37764e-10
1758 1.3635e-10
1759 1.34952e-10
1760 1.33567e-10
1761 1.32197e-10
1762 1.30841e-10
1763 1.29499e-10
1764 1.28171e-10
1765 1.26856e-10
1766 1.25554e-10
1767 1.24267e-10
1768 1.22992e-10
1769 1.2173e-10
1770 1.20481e-10
1771 1.19246e-10
1772 1.18022e-10
1773 1.16812e-10
1774 1.15613e-10
1775 1.14427e-10
1776 1.13254e-10
1777 1.12092e-10
1778 1.10942e-10
1779 1.09804e-10
1780 1.08677e-10
1781 1.07563e-10
1782 1.06459e-10
1783 1.05367e-10
1784 1.04286e-10
1785 1.03217e-10
1786 1.02158e-10
1787 1.0111e-10
1788 1.00073e-10
1789 9.9046e-11
1790 9.803e-11
1791 9.70244e-11
1792 9.60291e-11
1793 9.5044e-11
1794 9.40691e-11
1795 9.31041e-11
1796 9.2149e-11
1797 9.12038e-11
1798 9.02682e-11
1799 8.93422e-11
1800 8.84257e-11
1801 8.75186e-11
1802 8.66209e-11
1803 8.57323e-11
1804 8.48528e-11
1805 8.39824e-11
1806 8.31209e-11
1807 8.22682e-11
1808 8.14243e-11
1809 8.05891e-11
1810 7.97624e-11
1811 7.89442e-11
1812 7.81343e-11
1813 7.73328e-11
1814 7.65395e-11
1815 7.57544e-11
1816 7.49773e-11
1817 7.42081e-11
1818 7.34469e-11
1819 7.26935e-11
1820 7.19478e-11
1821 7.12097e-11
1822 7.04793e-11
1823 6.97563e-11
1824 6.90407e-11
1825 6.83325e-11
1826 6.76315e-11
1827 6.69377e-11
1828 6.62511e-11
1829 6.55715e-11
1830 6.48988e-11
1831 6.42331e-11
1832 6.35742e-11
1833 6.2922e-11
1834 6.22766e-11
1835 6.16377e-11
1836 6.10055e-11
1837 6.03796e-11
1838 5.97603e-11
1839 5.91472e-11
1840 5.85405e-11
1841 5.794e-11
1842 5.73456e-11
1843 5.67574e-11
1844 5.61751e-11
1845 5.55989e-11
1846 5.50286e-11
1847 5.44641e-11
1848 5.39054e-11
1849 5.33524e-11
1850 5.28051e-11
1851 5.22634e-11
1852 5.17273e-11
1853 5.11967e-11
1854 5.06715e-11
1855 5.01517e-11
1856 4.96372e-11
1857 4.91281e-11
1858 4.86241e-11
1859 4.81253e-11
1860 4.76316e-11
1861 4.7143e-11
1862 4.66594e-11
1863 4.61808e-11
1864 4.57071e-11
1865 4.52382e-11
1866 4.47741e-11
1867 4.43148e-11
1868 4.38602e-11
1869 4.34103e-11
1870 4.2965e-11
1871 4.25243e-11
1872 4.2088e-11
1873 4.16563e-11
1874 4.1229e-11
1875 4.0806e-11
1876 4.03875e-11
1877 3.99732e-11
1878 3.95631e-11
1879 3.91573e-11
1880 3.87556e-11
1881 3.8358e-11
1882 3.79645e-11
1883 3.75751e-11
1884 3.71897e-11
1885 3.68082e-11
1886 3.64306e-11
1887 3.60569e-11
1888 3.5687e-11
1889 3.53209e-11
1890 3.49586e-11
1891 3.46e-11
1892 3.4245e-11
1893 3.38937e-11
1894 3.35461e-11
1895 3.32019e-11
1896 3.28613e-11
1897 3.25242e-11
1898 3.21906e-11
1899 3.18604e-11
1900 3.15336e-11
1901 3.12101e-11
1902 3.08899e-11
1903 3.05731e-11
1904 3.02594e-11
1905 2.99491e-11
1906 2.96418e-11
1907 2.93377e-11
1908 2.90368e-11
1909 2.87389e-11
1910 2.84441e-11
1911 2.81523e-11
1912 2.78635e-11
1913 2.75777e-11
1914 2.72948e-11
1915 2.70148e-11
1916 2.67377e-11
1917 2.64634e-11
1918 2.6192e-11
1919 2.59233e-11
1920 2.56574e-11
1921 2.53942e-11
1922 2.51337e-11
1923 2.48759e-11
1924 2.46207e-11
1925 2.43681e-11
1926 2.41181e-11
1927 2.38707e-11
1928 2.36259e-11
1929 2.33835e-11
1930 2.31437e-11
1931 2.29062e-11
1932 2.26713e-11
1933 2.24387e-11
1934 2.22086e-11
1935 2.19807e-11
1936 2.17552e-11
1937 2.15321e-11
1938 2.13112e-11
1939 2.10926e-11
1940 2.08762e-11
1941 2.06621e-11
1942 2.04501e-11
1943 2.02403e-11
1944 2.00327e-11
1945 1.98272e-11
1946 1.96238e-11
1947 1.94225e-11
1948 1.92233e-11
1949 1.90261e-11
1950 1.88309e-11
1951 1.86377e-11
1952 1.84465e-11
1953 1.82573e-11
1954 1.807e-11
1955 1.78847e-11
1956 1.77012e-11
1957 1.75196e-11
1958 1.73399e-11
1959 1.7162e-11
1960 1.6986e-11
1961 1.68117e-11
1962 1.66393e-11
1963 1.64686e-11
1964 1.62997e-11
1965 1.61324e-11
1966 1.59669e-11
1967 1.58032e-11
1968 1.5641e-11
1969 1.54806e-11
1970 1.53218e-11
1971 1.51646e-11
1972 1.50091e-11
1973 1.48551e-11
1974 1.47027e-11
1975 1.45519e-11
1976 1.44026e-11
1977 1.42549e-11
1978 1.41086e-11
1979 1.39639e-11
1980 1.38207e-11
1981 1.36789e-11
1982 1.35386e-11
1983 1.33997e-11
1984 1.32623e-11
1985 1.31262e-11
1986 1.29916e-11
1987 1.28583e-11
1988 1.27264e-11
1989 1.25959e-11
1990 1.24666e-11
1991 1.23388e-11
1992 1.22122e-11
1993 1.20869e-11
1994 1.19629e-11
1995 1.18402e-11
1996 1.17187e-11
1997 1.15985e-11
1998 1.14795e-11
1999 1.13618e-11
