0 0.00998027
1 0.00995403
2 0.00991745
3 0.00987894
4 0.00984017
5 0.00980149
6 0.00976293
7 0.00972453
8 0.00968628
9 0.00964818
10 0.00961023
11 0.00957243
12 0.00953477
13 0.00949727
14 0.00945991
15 0.0094227
16 0.00938563
17 0.00934871
18 0.00931194
19 0.00927531
20 0.00923883
21 0.00920249
22 0.00916629
23 0.00913023
24 0.00909432
25 0.00905854
26 0.00902291
27 0.00898742
28 0.00895207
29 0.00891685
30 0.00888178
31 0.00884684
32 0.00881204
33 0.00877738
34 0.00874285
35 0.00870846
36 0.00867421
37 0.00864009
38 0.0086061
39 0.00857225
40 0.00853853
41 0.00850494
42 0.00847149
43 0.00843817
44 0.00840497
45 0.00837191
46 0.00833898
47 0.00830618
48 0.00827351
49 0.00824096
50 0.00820855
51 0.00817626
52 0.0081441
53 0.00811206
54 0.00808015
55 0.00804837
56 0.00801671
57 0.00798518
58 0.00795377
59 0.00792248
60 0.00789132
61 0.00786027
62 0.00782936
63 0.00779856
64 0.00776788
65 0.00773733
66 0.00770689
67 0.00767658
68 0.00764638
69 0.0076163
70 0.00758634
71 0.0075565
72 0.00752678
73 0.00749717
74 0.00746768
75 0.00743831
76 0.00740905
77 0.0073799
78 0.00735088
79 0.00732196
80 0.00729316
81 0.00726447
82 0.0072359
83 0.00720743
84 0.00717908
85 0.00715084
86 0.00712271
87 0.0070947
88 0.00706679
89 0.00703899
90 0.0070113
91 0.00698372
92 0.00695625
93 0.00692889
94 0.00690164
95 0.00687449
96 0.00684745
97 0.00682051
98 0.00679368
99 0.00676696
100 0.00674034
101 0.00671383
102 0.00668742
103 0.00666111
104 0.00663491
105 0.00660881
106 0.00658282
107 0.00655692
108 0.00653113
109 0.00650544
110 0.00647985
111 0.00645436
112 0.00642897
113 0.00640369
114 0.0063785
115 0.00635341
116 0.00632842
117 0.00630352
118 0.00627873
119 0.00625403
120 0.00622943
121 0.00620493
122 0.00618052
123 0.00615621
124 0.00613199
125 0.00610787
126 0.00608384
127 0.00605991
128 0.00603608
129 0.00601233
130 0.00598868
131 0.00596513
132 0.00594166
133 0.00591829
134 0.00589501
135 0.00587182
136 0.00584873
137 0.00582572
138 0.0058028
139 0.00577998
140 0.00575724
141 0.0057346
142 0.00571204
143 0.00568957
144 0.00566719
145 0.0056449
146 0.00562269
147 0.00560058
148 0.00557855
149 0.0055566
150 0.00553475
151 0.00551297
152 0.00549129
153 0.00546969
154 0.00544817
155 0.00542674
156 0.0054054
157 0.00538413
158 0.00536296
159 0.00534186
160 0.00532085
161 0.00529992
162 0.00527907
163 0.0052583
164 0.00523762
165 0.00521702
166 0.0051965
167 0.00517606
168 0.0051557
169 0.00513542
170 0.00511522
171 0.00509509
172 0.00507505
173 0.00505509
174 0.00503521
175 0.0050154
176 0.00499567
177 0.00497602
178 0.00495645
179 0.00493695
180 0.00491753
181 0.00489819
182 0.00487892
183 0.00485973
184 0.00484061
185 0.00482157
186 0.00480261
187 0.00478372
188 0.0047649
189 0.00474616
190 0.00472749
191 0.00470889
192 0.00469037
193 0.00467192
194 0.00465354
195 0.00463524
196 0.004617
197 0.00459884
198 0.00458075
199 0.00456273
200 0.00454479
201 0.00452691
202 0.0045091
203 0.00449136
204 0.0044737
205 0.0044561
206 0.00443857
207 0.00442111
208 0.00440372
209 0.0043864
210 0.00436915
211 0.00435196
212 0.00433484
213 0.00431779
214 0.00430081
215 0.00428389
216 0.00426704
217 0.00425025
218 0.00423353
219 0.00421688
220 0.00420029
221 0.00418377
222 0.00416731
223 0.00415092
224 0.00413459
225 0.00411833
226 0.00410213
227 0.004086
228 0.00406992
229 0.00405391
230 0.00403797
231 0.00402208
232 0.00400626
233 0.0039905
234 0.00397481
235 0.00395917
236 0.0039436
237 0.00392809
238 0.00391264
239 0.00389724
240 0.00388191
241 0.00386664
242 0.00385144
243 0.00383629
244 0.0038212
245 0.00380616
246 0.00379119
247 0.00377628
248 0.00376143
249 0.00374663
250 0.00373189
251 0.00371721
252 0.00370259
253 0.00368803
254 0.00367352
255 0.00365907
256 0.00364468
257 0.00363034
258 0.00361606
259 0.00360184
260 0.00358767
261 0.00357356
262 0.0035595
263 0.0035455
264 0.00353155
265 0.00351766
266 0.00350382
267 0.00349004
268 0.00347631
269 0.00346264
270 0.00344902
271 0.00343545
272 0.00342194
273 0.00340848
274 0.00339507
275 0.00338171
276 0.00336841
277 0.00335516
278 0.00334197
279 0.00332882
280 0.00331573
281 0.00330268
282 0.00328969
283 0.00327675
284 0.00326386
285 0.00325102
286 0.00323824
287 0.0032255
288 0.00321281
289 0.00320017
290 0.00318758
291 0.00317505
292 0.00316256
293 0.00315012
294 0.00313773
295 0.00312538
296 0.00311309
297 0.00310084
298 0.00308865
299 0.0030765
300 0.0030644
301 0.00305234
302 0.00304034
303 0.00302838
304 0.00301646
305 0.0030046
306 0.00299278
307 0.00298101
308 0.00296928
309 0.0029576
310 0.00294597
311 0.00293438
312 0.00292284
313 0.00291134
314 0.00289989
315 0.00288848
316 0.00287712
317 0.0028658
318 0.00285453
319 0.0028433
320 0.00283212
321 0.00282098
322 0.00280988
323 0.00279883
324 0.00278782
325 0.00277685
326 0.00276593
327 0.00275505
328 0.00274421
329 0.00273342
330 0.00272267
331 0.00271196
332 0.00270129
333 0.00269066
334 0.00268008
335 0.00266954
336 0.00265904
337 0.00264858
338 0.00263816
339 0.00262778
340 0.00261744
341 0.00260715
342 0.00259689
343 0.00258668
344 0.0025765
345 0.00256637
346 0.00255627
347 0.00254622
348 0.0025362
349 0.00252623
350 0.00251629
351 0.00250639
352 0.00249653
353 0.00248671
354 0.00247693
355 0.00246719
356 0.00245748
357 0.00244782
358 0.00243819
359 0.0024286
360 0.00241904
361 0.00240953
362 0.00240005
363 0.00239061
364 0.00238121
365 0.00237184
366 0.00236251
367 0.00235322
368 0.00234396
369 0.00233474
370 0.00232556
371 0.00231641
372 0.0023073
373 0.00229822
374 0.00228918
375 0.00228018
376 0.00227121
377 0.00226227
378 0.00225337
379 0.00224451
380 0.00223568
381 0.00222689
382 0.00221813
383 0.0022094
384 0.00220071
385 0.00219206
386 0.00218343
387 0.00217484
388 0.00216629
389 0.00215777
390 0.00214928
391 0.00214083
392 0.00213241
393 0.00212402
394 0.00211566
395 0.00210734
396 0.00209905
397 0.00209079
398 0.00208257
399 0.00207438
400 0.00206622
401 0.00205809
402 0.00205
403 0.00204193
404 0.0020339
405 0.0020259
406 0.00201793
407 0.00200999
408 0.00200209
409 0.00199421
410 0.00198637
411 0.00197855
412 0.00197077
413 0.00196302
414 0.0019553
415 0.00194761
416 0.00193994
417 0.00193231
418 0.00192471
419 0.00191714
420 0.0019096
421 0.00190209
422 0.00189461
423 0.00188715
424 0.00187973
425 0.00187234
426 0.00186497
427 0.00185764
428 0.00185033
429 0.00184305
430 0.0018358
431 0.00182858
432 0.00182139
433 0.00181422
434 0.00180709
435 0.00179998
436 0.0017929
437 0.00178585
438 0.00177882
439 0.00177182
440 0.00176485
441 0.00175791
442 0.001751
443 0.00174411
444 0.00173725
445 0.00173042
446 0.00172361
447 0.00171683
448 0.00171008
449 0.00170335
450 0.00169665
451 0.00168998
452 0.00168333
453 0.00167671
454 0.00167011
455 0.00166354
456 0.001657
457 0.00165048
458 0.00164399
459 0.00163752
460 0.00163108
461 0.00162466
462 0.00161827
463 0.00161191
464 0.00160557
465 0.00159925
466 0.00159296
467 0.00158669
468 0.00158045
469 0.00157424
470 0.00156804
471 0.00156188
472 0.00155573
473 0.00154961
474 0.00154352
475 0.00153745
476 0.0015314
477 0.00152537
478 0.00151937
479 0.0015134
480 0.00150744
481 0.00150152
482 0.00149561
483 0.00148973
484 0.00148387
485 0.00147803
486 0.00147222
487 0.00146642
488 0.00146066
489 0.00145491
490 0.00144919
491 0.00144349
492 0.00143781
493 0.00143215
494 0.00142652
495 0.00142091
496 0.00141532
497 0.00140975
498 0.00140421
499 0.00139868
500 0.00139318
501 0.0013877
502 0.00138224
503 0.00137681
504 0.00137139
505 0.001366
506 0.00136062
507 0.00135527
508 0.00134994
509 0.00134463
510 0.00133934
511 0.00133407
512 0.00132882
513 0.0013236
514 0.00131839
515 0.0013132
516 0.00130804
517 0.00130289
518 0.00129777
519 0.00129266
520 0.00128758
521 0.00128251
522 0.00127747
523 0.00127244
524 0.00126744
525 0.00126245
526 0.00125749
527 0.00125254
528 0.00124761
529 0.00124271
530 0.00123782
531 0.00123295
532 0.0012281
533 0.00122327
534 0.00121846
535 0.00121366
536 0.00120889
537 0.00120414
538 0.0011994
539 0.00119468
540 0.00118998
541 0.0011853
542 0.00118064
543 0.00117599
544 0.00117137
545 0.00116676
546 0.00116217
547 0.0011576
548 0.00115305
549 0.00114851
550 0.00114399
551 0.00113949
552 0.00113501
553 0.00113055
554 0.0011261
555 0.00112167
556 0.00111726
557 0.00111286
558 0.00110849
559 0.00110413
560 0.00109978
561 0.00109546
562 0.00109115
563 0.00108685
564 0.00108258
565 0.00107832
566 0.00107408
567 0.00106985
568 0.00106565
569 0.00106145
570 0.00105728
571 0.00105312
572 0.00104898
573 0.00104485
574 0.00104074
575 0.00103665
576 0.00103257
577 0.00102851
578 0.00102446
579 0.00102043
580 0.00101642
581 0.00101242
582 0.00100844
583 0.00100447
584 0.00100052
585 0.000996585
586 0.000992665
587 0.00098876
588 0.000984871
589 0.000980997
590 0.000977138
591 0.000973295
592 0.000969466
593 0.000965653
594 0.000961854
595 0.000958071
596 0.000954302
597 0.000950548
598 0.000946809
599 0.000943085
600 0.000939375
601 0.00093568
602 0.000932
603 0.000928334
604 0.000924682
605 0.000921045
606 0.000917422
607 0.000913813
608 0.000910218
609 0.000906638
610 0.000903072
611 0.00089952
612 0.000895981
613 0.000892457
614 0.000888946
615 0.00088545
616 0.000881967
617 0.000878497
618 0.000875042
619 0.0008716
620 0.000868171
621 0.000864756
622 0.000861355
623 0.000857967
624 0.000854592
625 0.00085123
626 0.000847882
627 0.000844547
628 0.000841225
629 0.000837916
630 0.00083462
631 0.000831337
632 0.000828066
633 0.000824809
634 0.000821565
635 0.000818333
636 0.000815114
637 0.000811908
638 0.000808714
639 0.000805533
640 0.000802365
641 0.000799208
642 0.000796065
643 0.000792933
644 0.000789814
645 0.000786707
646 0.000783613
647 0.000780531
648 0.00077746
649 0.000774402
650 0.000771356
651 0.000768322
652 0.0007653
653 0.000762289
654 0.000759291
655 0.000756304
656 0.000753329
657 0.000750366
658 0.000747414
659 0.000744474
660 0.000741546
661 0.000738629
662 0.000735723
663 0.000732829
664 0.000729947
665 0.000727076
666 0.000724216
667 0.000721367
668 0.000718529
669 0.000715703
670 0.000712888
671 0.000710084
672 0.00070729
673 0.000704508
674 0.000701737
675 0.000698977
676 0.000696227
677 0.000693489
678 0.000690761
679 0.000688044
680 0.000685337
681 0.000682641
682 0.000679956
683 0.000677282
684 0.000674617
685 0.000671964
686 0.000669321
687 0.000666688
688 0.000664065
689 0.000661453
690 0.000658851
691 0.00065626
692 0.000653678
693 0.000651107
694 0.000648546
695 0.000645995
696 0.000643454
697 0.000640923
698 0.000638402
699 0.00063589
700 0.000633389
701 0.000630898
702 0.000628416
703 0.000625944
704 0.000623482
705 0.000621029
706 0.000618587
707 0.000616153
708 0.00061373
709 0.000611315
710 0.000608911
711 0.000606516
712 0.00060413
713 0.000601754
714 0.000599387
715 0.000597029
716 0.00059468
717 0.000592341
718 0.000590011
719 0.00058769
720 0.000585379
721 0.000583076
722 0.000580782
723 0.000578498
724 0.000576222
725 0.000573956
726 0.000571698
727 0.000569449
728 0.000567209
729 0.000564978
730 0.000562756
731 0.000560542
732 0.000558337
733 0.000556141
734 0.000553953
735 0.000551774
736 0.000549604
737 0.000547442
738 0.000545289
739 0.000543144
740 0.000541007
741 0.000538879
742 0.00053676
743 0.000534648
744 0.000532545
745 0.00053045
746 0.000528364
747 0.000526285
748 0.000524215
749 0.000522153
750 0.000520099
751 0.000518053
752 0.000516016
753 0.000513986
754 0.000511964
755 0.00050995
756 0.000507944
757 0.000505946
758 0.000503956
759 0.000501974
760 0.000499999
761 0.000498033
762 0.000496074
763 0.000494122
764 0.000492179
765 0.000490243
766 0.000488314
767 0.000486393
768 0.00048448
769 0.000482574
770 0.000480676
771 0.000478785
772 0.000476902
773 0.000475026
774 0.000473158
775 0.000471296
776 0.000469443
777 0.000467596
778 0.000465757
779 0.000463925
780 0.0004621
781 0.000460282
782 0.000458472
783 0.000456668
784 0.000454872
785 0.000453082
786 0.0004513
787 0.000449525
788 0.000447757
789 0.000445996
790 0.000444241
791 0.000442494
792 0.000440753
793 0.000439019
794 0.000437293
795 0.000435572
796 0.000433859
797 0.000432153
798 0.000430453
799 0.000428759
800 0.000427073
801 0.000425393
802 0.00042372
803 0.000422053
804 0.000420393
805 0.000418739
806 0.000417092
807 0.000415451
808 0.000413817
809 0.000412189
810 0.000410568
811 0.000408953
812 0.000407344
813 0.000405742
814 0.000404146
815 0.000402556
816 0.000400973
817 0.000399396
818 0.000397825
819 0.00039626
820 0.000394701
821 0.000393148
822 0.000391602
823 0.000390062
824 0.000388527
825 0.000386999
826 0.000385477
827 0.00038396
828 0.00038245
829 0.000380946
830 0.000379447
831 0.000377955
832 0.000376468
833 0.000374987
834 0.000373512
835 0.000372043
836 0.000370579
837 0.000369122
838 0.00036767
839 0.000366224
840 0.000364783
841 0.000363348
842 0.000361919
843 0.000360495
844 0.000359077
845 0.000357665
846 0.000356258
847 0.000354857
848 0.000353461
849 0.00035207
850 0.000350685
851 0.000349306
852 0.000347932
853 0.000346563
854 0.0003452
855 0.000343842
856 0.00034249
857 0.000341143
858 0.000339801
859 0.000338464
860 0.000337133
861 0.000335807
862 0.000334486
863 0.00033317
864 0.000331859
865 0.000330554
866 0.000329254
867 0.000327959
868 0.000326669
869 0.000325384
870 0.000324104
871 0.000322829
872 0.000321559
873 0.000320294
874 0.000319034
875 0.000317779
876 0.000316529
877 0.000315284
878 0.000314044
879 0.000312809
880 0.000311578
881 0.000310353
882 0.000309132
883 0.000307916
884 0.000306705
885 0.000305498
886 0.000304297
887 0.0003031
888 0.000301907
889 0.00030072
890 0.000299537
891 0.000298359
892 0.000297185
893 0.000296016
894 0.000294852
895 0.000293692
896 0.000292537
897 0.000291386
898 0.00029024
899 0.000289098
900 0.000287961
901 0.000286828
902 0.0002857
903 0.000284576
904 0.000283457
905 0.000282342
906 0.000281231
907 0.000280125
908 0.000279023
909 0.000277925
910 0.000276832
911 0.000275743
912 0.000274659
913 0.000273578
914 0.000272502
915 0.00027143
916 0.000270363
917 0.000269299
918 0.00026824
919 0.000267185
920 0.000266134
921 0.000265087
922 0.000264044
923 0.000263005
924 0.000261971
925 0.00026094
926 0.000259914
927 0.000258892
928 0.000257873
929 0.000256859
930 0.000255848
931 0.000254842
932 0.00025384
933 0.000252841
934 0.000251847
935 0.000250856
936 0.000249869
937 0.000248886
938 0.000247907
939 0.000246932
940 0.000245961
941 0.000244993
942 0.00024403
943 0.00024307
944 0.000242114
945 0.000241161
946 0.000240213
947 0.000239268
948 0.000238327
949 0.000237389
950 0.000236455
951 0.000235525
952 0.000234599
953 0.000233676
954 0.000232757
955 0.000231841
956 0.000230929
957 0.000230021
958 0.000229116
959 0.000228215
960 0.000227317
961 0.000226423
962 0.000225532
963 0.000224645
964 0.000223762
965 0.000222881
966 0.000222005
967 0.000221131
968 0.000220262
969 0.000219395
970 0.000218532
971 0.000217673
972 0.000216816
973 0.000215964
974 0.000215114
975 0.000214268
976 0.000213425
977 0.000212586
978 0.000211749
979 0.000210916
980 0.000210087
981 0.00020926
982 0.000208437
983 0.000207617
984 0.000206801
985 0.000205987
986 0.000205177
987 0.00020437
988 0.000203566
989 0.000202765
990 0.000201968
991 0.000201173
992 0.000200382
993 0.000199594
994 0.000198809
995 0.000198026
996 0.000197248
997 0.000196472
998 0.000195699
999 0.000194929
1000 0.000194162
1001 0.000193399
1002 0.000192638
1003 0.00019188
1004 0.000191125
1005 0.000190373
1006 0.000189625
1007 0.000188879
1008 0.000188136
1009 0.000187396
1010 0.000186659
1011 0.000185924
1012 0.000185193
1013 0.000184465
1014 0.000183739
1015 0.000183016
1016 0.000182296
1017 0.000181579
1018 0.000180865
1019 0.000180154
1020 0.000179445
1021 0.000178739
1022 0.000178036
1023 0.000177336
1024 0.000176638
1025 0.000175943
1026 0.000175251
1027 0.000174562
1028 0.000173875
1029 0.000173191
1030 0.00017251
1031 0.000171831
1032 0.000171156
1033 0.000170482
1034 0.000169812
1035 0.000169144
1036 0.000168478
1037 0.000167816
1038 0.000167156
1039 0.000166498
1040 0.000165843
1041 0.000165191
1042 0.000164541
1043 0.000163894
1044 0.000163249
1045 0.000162607
1046 0.000161967
1047 0.00016133
1048 0.000160696
1049 0.000160063
1050 0.000159434
1051 0.000158807
1052 0.000158182
1053 0.00015756
1054 0.00015694
1055 0.000156323
1056 0.000155708
1057 0.000155095
1058 0.000154485
1059 0.000153878
1060 0.000153272
1061 0.000152669
1062 0.000152069
1063 0.000151471
1064 0.000150875
1065 0.000150281
1066 0.00014969
1067 0.000149101
1068 0.000148515
1069 0.000147931
1070 0.000147349
1071 0.000146769
1072 0.000146192
1073 0.000145617
1074 0.000145044
1075 0.000144474
1076 0.000143905
1077 0.000143339
1078 0.000142775
1079 0.000142214
1080 0.000141654
1081 0.000141097
1082 0.000140542
1083 0.000139989
1084 0.000139439
1085 0.00013889
1086 0.000138344
1087 0.0001378
1088 0.000137258
1089 0.000136718
1090 0.00013618
1091 0.000135644
1092 0.000135111
1093 0.000134579
1094 0.00013405
1095 0.000133523
1096 0.000132997
1097 0.000132474
1098 0.000131953
1099 0.000131434
1100 0.000130917
1101 0.000130402
1102 0.000129889
1103 0.000129378
1104 0.000128869
1105 0.000128362
1106 0.000127857
1107 0.000127355
1108 0.000126854
1109 0.000126355
1110 0.000125858
1111 0.000125363
1112 0.000124869
1113 0.000124378
1114 0.000123889
1115 0.000123402
1116 0.000122916
1117 0.000122433
1118 0.000121951
1119 0.000121471
1120 0.000120994
1121 0.000120518
1122 0.000120044
1123 0.000119571
1124 0.000119101
1125 0.000118633
1126 0.000118166
1127 0.000117701
1128 0.000117238
1129 0.000116777
1130 0.000116318
1131 0.00011586
1132 0.000115404
1133 0.00011495
1134 0.000114498
1135 0.000114048
1136 0.000113599
1137 0.000113152
1138 0.000112707
1139 0.000112264
1140 0.000111822
1141 0.000111383
1142 0.000110944
1143 0.000110508
1144 0.000110073
1145 0.00010964
1146 0.000109209
1147 0.00010878
1148 0.000108352
1149 0.000107925
1150 0.000107501
1151 0.000107078
1152 0.000106657
1153 0.000106237
1154 0.000105819
1155 0.000105403
1156 0.000104989
1157 0.000104576
1158 0.000104164
1159 0.000103754
1160 0.000103346
1161 0.00010294
1162 0.000102535
1163 0.000102132
1164 0.00010173
1165 0.00010133
1166 0.000100931
1167 0.000100534
1168 0.000100139
1169 9.97447e-05
1170 9.93524e-05
1171 9.89616e-05
1172 9.85723e-05
1173 9.81846e-05
1174 9.77984e-05
1175 9.74137e-05
1176 9.70305e-05
1177 9.66488e-05
1178 9.62686e-05
1179 9.589e-05
1180 9.55128e-05
1181 9.51371e-05
1182 9.47628e-05
1183 9.43901e-05
1184 9.40188e-05
1185 9.3649e-05
1186 9.32806e-05
1187 9.29137e-05
1188 9.25482e-05
1189 9.21842e-05
1190 9.18215e-05
1191 9.14604e-05
1192 9.11006e-05
1193 9.07422e-05
1194 9.03853e-05
1195 9.00298e-05
1196 8.96756e-05
1197 8.93229e-05
1198 8.89715e-05
1199 8.86216e-05
1200 8.8273e-05
1201 8.79257e-05
1202 8.75799e-05
1203 8.72354e-05
1204 8.68922e-05
1205 8.65504e-05
1206 8.621e-05
1207 8.58709e-05
1208 8.55331e-05
1209 8.51967e-05
1210 8.48615e-05
1211 8.45277e-05
1212 8.41952e-05
1213 8.3864e-05
1214 8.35342e-05
1215 8.32056e-05
1216 8.28783e-05
1217 8.25523e-05
1218 8.22276e-05
1219 8.19041e-05
1220 8.15819e-05
1221 8.1261e-05
1222 8.09414e-05
1223 8.0623e-05
1224 8.03059e-05
1225 7.999e-05
1226 7.96753e-05
1227 7.93619e-05
1228 7.90498e-05
1229 7.87388e-05
1230 7.84291e-05
1231 7.81206e-05
1232 7.78133e-05
1233 7.75072e-05
1234 7.72023e-05
1235 7.68987e-05
1236 7.65962e-05
1237 7.62949e-05
1238 7.59948e-05
1239 7.56958e-05
1240 7.53981e-05
1241 7.51015e-05
1242 7.48061e-05
1243 7.45118e-05
1244 7.42187e-05
1245 7.39268e-05
1246 7.3636e-05
1247 7.33464e-05
1248 7.30578e-05
1249 7.27705e-05
1250 7.24842e-05
1251 7.21991e-05
1252 7.19151e-05
1253 7.16322e-05
1254 7.13505e-05
1255 7.10698e-05
1256 7.07902e-05
1257 7.05118e-05
1258 7.02344e-05
1259 6.99581e-05
1260 6.9683e-05
1261 6.94089e-05
1262 6.91358e-05
1263 6.88639e-05
1264 6.8593e-05
1265 6.83232e-05
1266 6.80544e-05
1267 6.77867e-05
1268 6.75201e-05
1269 6.72545e-05
1270 6.699e-05
1271 6.67265e-05
1272 6.6464e-05
1273 6.62025e-05
1274 6.59421e-05
1275 6.56827e-05
1276 6.54244e-05
1277 6.5167e-05
1278 6.49107e-05
1279 6.46554e-05
1280 6.4401e-05
1281 6.41477e-05
1282 6.38954e-05
1283 6.36441e-05
1284 6.33937e-05
1285 6.31443e-05
1286 6.2896e-05
1287 6.26486e-05
1288 6.24021e-05
1289 6.21567e-05
1290 6.19122e-05
1291 6.16686e-05
1292 6.14261e-05
1293 6.11844e-05
1294 6.09438e-05
1295 6.0704e-05
1296 6.04653e-05
1297 6.02274e-05
1298 5.99905e-05
1299 5.97545e-05
1300 5.95195e-05
1301 5.92854e-05
1302 5.90522e-05
1303 5.88199e-05
1304 5.85885e-05
1305 5.8358e-05
1306 5.81285e-05
1307 5.78998e-05
1308 5.76721e-05
1309 5.74452e-05
1310 5.72193e-05
1311 5.69942e-05
1312 5.677e-05
1313 5.65467e-05
1314 5.63243e-05
1315 5.61027e-05
1316 5.5882e-05
1317 5.56622e-05
1318 5.54433e-05
1319 5.52252e-05
1320 5.5008e-05
1321 5.47916e-05
1322 5.4576e-05
1323 5.43614e-05
1324 5.41475e-05
1325 5.39345e-05
1326 5.37224e-05
1327 5.35111e-05
1328 5.33006e-05
1329 5.30909e-05
1330 5.28821e-05
1331 5.26741e-05
1332 5.24669e-05
1333 5.22605e-05
1334 5.20549e-05
1335 5.18502e-05
1336 5.16462e-05
1337 5.14431e-05
1338 5.12407e-05
1339 5.10392e-05
1340 5.08384e-05
1341 5.06384e-05
1342 5.04392e-05
1343 5.02408e-05
1344 5.00432e-05
1345 4.98463e-05
1346 4.96503e-05
1347 4.9455e-05
1348 4.92604e-05
1349 4.90667e-05
1350 4.88737e-05
1351 4.86814e-05
1352 4.84899e-05
1353 4.82992e-05
1354 4.81092e-05
1355 4.792e-05
1356 4.77315e-05
1357 4.75437e-05
1358 4.73567e-05
1359 4.71704e-05
1360 4.69849e-05
1361 4.68001e-05
1362 4.6616e-05
1363 4.64326e-05
1364 4.625e-05
1365 4.6068e-05
1366 4.58868e-05
1367 4.57063e-05
1368 4.55265e-05
1369 4.53474e-05
1370 4.51691e-05
1371 4.49914e-05
1372 4.48144e-05
1373 4.46381e-05
1374 4.44626e-05
1375 4.42877e-05
1376 4.41135e-05
1377 4.39399e-05
1378 4.37671e-05
1379 4.35949e-05
1380 4.34234e-05
1381 4.32526e-05
1382 4.30825e-05
1383 4.2913e-05
1384 4.27442e-05
1385 4.25761e-05
1386 4.24086e-05
1387 4.22418e-05
1388 4.20757e-05
1389 4.19101e-05
1390 4.17453e-05
1391 4.15811e-05
1392 4.14175e-05
1393 4.12546e-05
1394 4.10923e-05
1395 4.09307e-05
1396 4.07697e-05
1397 4.06093e-05
1398 4.04496e-05
1399 4.02905e-05
1400 4.0132e-05
1401 3.99741e-05
1402 3.98169e-05
1403 3.96603e-05
1404 3.95043e-05
1405 3.93489e-05
1406 3.91941e-05
1407 3.90399e-05
1408 3.88863e-05
1409 3.87334e-05
1410 3.8581e-05
1411 3.84293e-05
1412 3.82781e-05
1413 3.81275e-05
1414 3.79776e-05
1415 3.78282e-05
1416 3.76794e-05
1417 3.75312e-05
1418 3.73835e-05
1419 3.72365e-05
1420 3.709e-05
1421 3.69441e-05
1422 3.67988e-05
1423 3.6654e-05
1424 3.65099e-05
1425 3.63662e-05
1426 3.62232e-05
1427 3.60807e-05
1428 3.59388e-05
1429 3.57974e-05
1430 3.56566e-05
1431 3.55164e-05
1432 3.53766e-05
1433 3.52375e-05
1434 3.50989e-05
1435 3.49608e-05
1436 3.48233e-05
1437 3.46863e-05
1438 3.45499e-05
1439 3.4414e-05
1440 3.42786e-05
1441 3.41438e-05
1442 3.40095e-05
1443 3.38757e-05
1444 3.37424e-05
1445 3.36097e-05
1446 3.34775e-05
1447 3.33458e-05
1448 3.32147e-05
1449 3.3084e-05
1450 3.29539e-05
1451 3.28242e-05
1452 3.26951e-05
1453 3.25665e-05
1454 3.24384e-05
1455 3.23108e-05
1456 3.21837e-05
1457 3.20571e-05
1458 3.1931e-05
1459 3.18054e-05
1460 3.16803e-05
1461 3.15557e-05
1462 3.14316e-05
1463 3.13079e-05
1464 3.11848e-05
1465 3.10621e-05
1466 3.09399e-05
1467 3.08182e-05
1468 3.0697e-05
1469 3.05763e-05
1470 3.0456e-05
1471 3.03362e-05
1472 3.02169e-05
1473 3.0098e-05
1474 2.99796e-05
1475 2.98617e-05
1476 2.97442e-05
1477 2.96272e-05
1478 2.95107e-05
1479 2.93946e-05
1480 2.9279e-05
1481 2.91638e-05
1482 2.90491e-05
1483 2.89348e-05
1484 2.8821e-05
1485 2.87076e-05
1486 2.85947e-05
1487 2.84822e-05
1488 2.83702e-05
1489 2.82586e-05
1490 2.81474e-05
1491 2.80367e-05
1492 2.79264e-05
1493 2.78166e-05
1494 2.77072e-05
1495 2.75982e-05
1496 2.74896e-05
1497 2.73815e-05
1498 2.72738e-05
1499 2.71665e-05
1500 2.70596e-05
1501 2.69532e-05
1502 2.68472e-05
1503 2.67416e-05
1504 2.66364e-05
1505 2.65316e-05
1506 2.64272e-05
1507 2.63233e-05
1508 2.62198e-05
1509 2.61166e-05
1510 2.60139e-05
1511 2.59116e-05
1512 2.58096e-05
1513 2.57081e-05
1514 2.5607e-05
1515 2.55063e-05
1516 2.54059e-05
1517 2.5306e-05
1518 2.52065e-05
1519 2.51073e-05
1520 2.50085e-05
1521 2.49102e-05
1522 2.48122e-05
1523 2.47146e-05
1524 2.46174e-05
1525 2.45205e-05
1526 2.44241e-05
1527 2.4328e-05
1528 2.42323e-05
1529 2.4137e-05
1530 2.4042e-05
1531 2.39475e-05
1532 2.38533e-05
1533 2.37595e-05
1534 2.3666e-05
1535 2.35729e-05
1536 2.34802e-05
1537 2.33878e-05
1538 2.32958e-05
1539 2.32042e-05
1540 2.31129e-05
1541 2.3022e-05
1542 2.29314e-05
1543 2.28412e-05
1544 2.27514e-05
1545 2.26619e-05
1546 2.25728e-05
1547 2.2484e-05
1548 2.23955e-05
1549 2.23074e-05
1550 2.22197e-05
1551 2.21323e-05
1552 2.20452e-05
1553 2.19585e-05
1554 2.18721e-05
1555 2.17861e-05
1556 2.17004e-05
1557 2.1615e-05
1558 2.153e-05
1559 2.14453e-05
1560 2.1361e-05
1561 2.12769e-05
1562 2.11932e-05
1563 2.11099e-05
1564 2.10268e-05
1565 2.09441e-05
1566 2.08618e-05
1567 2.07797e-05
1568 2.0698e-05
1569 2.06165e-05
1570 2.05354e-05
1571 2.04547e-05
1572 2.03742e-05
1573 2.02941e-05
1574 2.02142e-05
1575 2.01347e-05
1576 2.00555e-05
1577 1.99766e-05
1578 1.98981e-05
1579 1.98198e-05
1580 1.97418e-05
1581 1.96642e-05
1582 1.95868e-05
1583 1.95098e-05
1584 1.9433e-05
1585 1.93566e-05
1586 1.92804e-05
1587 1.92046e-05
1588 1.91291e-05
1589 1.90538e-05
1590 1.89789e-05
1591 1.89042e-05
1592 1.88299e-05
1593 1.87558e-05
1594 1.8682e-05
1595 1.86085e-05
1596 1.85353e-05
1597 1.84624e-05
1598 1.83898e-05
1599 1.83175e-05
1600 1.82454e-05
1601 1.81736e-05
1602 1.81021e-05
1603 1.80309e-05
1604 1.796e-05
1605 1.78894e-05
1606 1.7819e-05
1607 1.77489e-05
1608 1.76791e-05
1609 1.76096e-05
1610 1.75403e-05
1611 1.74713e-05
1612 1.74026e-05
1613 1.73341e-05
1614 1.72659e-05
1615 1.7198e-05
1616 1.71304e-05
1617 1.7063e-05
1618 1.69959e-05
1619 1.6929e-05
1620 1.68624e-05
1621 1.67961e-05
1622 1.673e-05
1623 1.66642e-05
1624 1.65987e-05
1625 1.65334e-05
1626 1.64683e-05
1627 1.64036e-05
1628 1.6339e-05
1629 1.62748e-05
1630 1.62107e-05
1631 1.6147e-05
1632 1.60835e-05
1633 1.60202e-05
1634 1.59572e-05
1635 1.58944e-05
1636 1.58319e-05
1637 1.57696e-05
1638 1.57076e-05
1639 1.56458e-05
1640 1.55843e-05
1641 1.5523e-05
1642 1.54619e-05
1643 1.54011e-05
1644 1.53405e-05
1645 1.52802e-05
1646 1.522e-05
1647 1.51602e-05
1648 1.51005e-05
1649 1.50411e-05
1650 1.4982e-05
1651 1.4923e-05
1652 1.48643e-05
1653 1.48059e-05
1654 1.47476e-05
1655 1.46896e-05
1656 1.46318e-05
1657 1.45743e-05
1658 1.4517e-05
1659 1.44599e-05
1660 1.4403e-05
1661 1.43463e-05
1662 1.42899e-05
1663 1.42337e-05
1664 1.41777e-05
1665 1.41219e-05
1666 1.40664e-05
1667 1.4011e-05
1668 1.39559e-05
1669 1.3901e-05
1670 1.38464e-05
1671 1.37919e-05
1672 1.37376e-05
1673 1.36836e-05
1674 1.36298e-05
1675 1.35762e-05
1676 1.35228e-05
1677 1.34696e-05
1678 1.34166e-05
1679 1.33638e-05
1680 1.33112e-05
1681 1.32589e-05
1682 1.32067e-05
1683 1.31548e-05
1684 1.3103e-05
1685 1.30515e-05
1686 1.30002e-05
1687 1.2949e-05
1688 1.28981e-05
1689 1.28473e-05
1690 1.27968e-05
1691 1.27465e-05
1692 1.26963e-05
1693 1.26464e-05
1694 1.25966e-05
1695 1.25471e-05
1696 1.24977e-05
1697 1.24486e-05
1698 1.23996e-05
1699 1.23508e-05
1700 1.23023e-05
1701 1.22539e-05
1702 1.22057e-05
1703 1.21577e-05
1704 1.21098e-05
1705 1.20622e-05
1706 1.20148e-05
1707 1.19675e-05
1708 1.19204e-05
1709 1.18735e-05
1710 1.18268e-05
1711 1.17803e-05
1712 1.1734e-05
1713 1.16878e-05
1714 1.16418e-05
1715 1.1596e-05
1716 1.15504e-05
1717 1.1505e-05
1718 1.14597e-05
1719 1.14147e-05
1720 1.13698e-05
1721 1.1325e-05
1722 1.12805e-05
1723 1.12361e-05
1724 1.11919e-05
1725 1.11479e-05
1726 1.1104e-05
1727 1.10604e-05
1728 1.10169e-05
1729 1.09735e-05
1730 1.09304e-05
1731 1.08874e-05
1732 1.08445e-05
1733 1.08019e-05
1734 1.07594e-05
1735 1.07171e-05
1736 1.06749e-05
1737 1.06329e-05
1738 1.05911e-05
1739 1.05494e-05
1740 1.05079e-05
1741 1.04666e-05
1742 1.04254e-05
1743 1.03844e-05
1744 1.03436e-05
1745 1.03029e-05
1746 1.02624e-05
1747 1.0222e-05
1748 1.01818e-05
1749 1.01417e-05
1750 1.01018e-05
1751 1.00621e-05
1752 1.00225e-05
1753 9.9831e-06
1754 9.94383e-06
1755 9.90472e-06
1756 9.86576e-06
1757 9.82695e-06
1758 9.7883e-06
1759 9.74979e-06
1760 9.71144e-06
1761 9.67324e-06
1762 9.63519e-06
1763 9.59729e-06
1764 9.55954e-06
1765 9.52194e-06
1766 9.48448e-06
1767 9.44718e-06
1768 9.41001e-06
1769 9.373e-06
1770 9.33613e-06
1771 9.29941e-06
1772 9.26283e-06
1773 9.22639e-06
1774 9.1901e-06
1775 9.15395e-06
1776 9.11794e-06
1777 9.08208e-06
1778 9.04635e-06
1779 9.01077e-06
1780 8.97532e-06
1781 8.94002e-06
1782 8.90485e-06
1783 8.86982e-06
1784 8.83493e-06
1785 8.80018e-06
1786 8.76557e-06
1787 8.73109e-06
1788 8.69674e-06
1789 8.66253e-06
1790 8.62846e-06
1791 8.59452e-06
1792 8.56071e-06
1793 8.52704e-06
1794 8.4935e-06
1795 8.46009e-06
1796 8.42681e-06
1797 8.39366e-06
1798 8.36064e-06
1799 8.32776e-06
1800 8.295e-06
1801 8.26237e-06
1802 8.22987e-06
1803 8.1975e-06
1804 8.16525e-06
1805 8.13313e-06
1806 8.10114e-06
1807 8.06928e-06
1808 8.03753e-06
1809 8.00592e-06
1810 7.97443e-06
1811 7.94306e-06
1812 7.91181e-06
1813 7.88069e-06
1814 7.84969e-06
1815 7.81882e-06
1816 7.78806e-06
1817 7.75743e-06
1818 7.72691e-06
1819 7.69652e-06
1820 7.66624e-06
1821 7.63609e-06
1822 7.60605e-06
1823 7.57613e-06
1824 7.54633e-06
1825 7.51665e-06
1826 7.48708e-06
1827 7.45763e-06
1828 7.4283e-06
1829 7.39908e-06
1830 7.36997e-06
1831 7.34098e-06
1832 7.3121e-06
1833 7.28334e-06
1834 7.25469e-06
1835 7.22616e-06
1836 7.19773e-06
1837 7.16942e-06
1838 7.14122e-06
1839 7.11313e-06
1840 7.08515e-06
1841 7.05728e-06
1842 7.02952e-06
1843 7.00187e-06
1844 6.97433e-06
1845 6.94689e-06
1846 6.91957e-06
1847 6.89235e-06
1848 6.86524e-06
1849 6.83823e-06
1850 6.81133e-06
1851 6.78454e-06
1852 6.75785e-06
1853 6.73127e-06
1854 6.70479e-06
1855 6.67842e-06
1856 6.65215e-06
1857 6.62598e-06
1858 6.59992e-06
1859 6.57396e-06
1860 6.5481e-06
1861 6.52234e-06
1862 6.49669e-06
1863 6.47113e-06
1864 6.44568e-06
1865 6.42032e-06
1866 6.39507e-06
1867 6.36991e-06
1868 6.34486e-06
1869 6.3199e-06
1870 6.29504e-06
1871 6.27028e-06
1872 6.24561e-06
1873 6.22104e-06
1874 6.19657e-06
1875 6.1722e-06
1876 6.14792e-06
1877 6.12374e-06
1878 6.09965e-06
1879 6.07566e-06
1880 6.05176e-06
1881 6.02795e-06
1882 6.00424e-06
1883 5.98062e-06
1884 5.9571e-06
1885 5.93367e-06
1886 5.91033e-06
1887 5.88708e-06
1888 5.86392e-06
1889 5.84085e-06
1890 5.81788e-06
1891 5.79499e-06
1892 5.7722e-06
1893 5.74949e-06
1894 5.72688e-06
1895 5.70435e-06
1896 5.68191e-06
1897 5.65956e-06
1898 5.6373e-06
1899 5.61513e-06
1900 5.59304e-06
1901 5.57104e-06
1902 5.54912e-06
1903 5.5273e-06
1904 5.50555e-06
1905 5.4839e-06
1906 5.46233e-06
1907 5.44084e-06
1908 5.41944e-06
1909 5.39812e-06
1910 5.37689e-06
1911 5.35574e-06
1912 5.33467e-06
1913 5.31369e-06
1914 5.29278e-06
1915 5.27196e-06
1916 5.25123e-06
1917 5.23057e-06
1918 5.21e-06
1919 5.1895e-06
1920 5.16909e-06
1921 5.14876e-06
1922 5.1285e-06
1923 5.10833e-06
1924 5.08824e-06
1925 5.06822e-06
1926 5.04829e-06
1927 5.02843e-06
1928 5.00865e-06
1929 4.98895e-06
1930 4.96932e-06
1931 4.94978e-06
1932 4.93031e-06
1933 4.91091e-06
1934 4.89159e-06
1935 4.87235e-06
1936 4.85319e-06
1937 4.8341e-06
1938 4.81508e-06
1939 4.79614e-06
1940 4.77728e-06
1941 4.75848e-06
1942 4.73977e-06
1943 4.72112e-06
1944 4.70255e-06
1945 4.68405e-06
1946 4.66563e-06
1947 4.64728e-06
1948 4.629e-06
1949 4.61079e-06
1950 4.59265e-06
1951 4.57459e-06
1952 4.55659e-06
1953 4.53867e-06
1954 4.52082e-06
1955 4.50303e-06
1956 4.48532e-06
1957 4.46768e-06
1958 4.4501e-06
1959 4.4326e-06
1960 4.41516e-06
1961 4.39779e-06
1962 4.3805e-06
1963 4.36326e-06
1964 4.3461e-06
1965 4.32901e-06
1966 4.31198e-06
1967 4.29502e-06
1968 4.27812e-06
1969 4.26129e-06
1970 4.24453e-06
1971 4.22784e-06
1972 4.21121e-06
1973 4.19464e-06
1974 4.17814e-06
1975 4.16171e-06
1976 4.14534e-06
1977 4.12903e-06
1978 4.11279e-06
1979 4.09661e-06
1980 4.0805e-06
1981 4.06444e-06
1982 4.04846e-06
1983 4.03253e-06
1984 4.01667e-06
1985 4.00087e-06
1986 3.98513e-06
1987 3.96946e-06
1988 3.95384e-06
1989 3.93829e-06
1990 3.9228e-06
1991 3.90737e-06
1992 3.892e-06
1993 3.87669e-06
1994 3.86144e-06
1995 3.84625e-06
1996 3.83112e-06
1997 3.81605e-06
1998 3.80104e-06
1999 3.78609e-06
