0 0.00998027
1 0.00995403
2 0.00990702
3 0.009852
4 0.00979407
5 0.00973523
6 0.00967627
7 0.00961749
8 0.00955899
9 0.00950083
10 0.00944301
11 0.00938554
12 0.00932842
13 0.00927165
14 0.00921522
15 0.00915914
16 0.0091034
17 0.00904799
18 0.00899293
19 0.00893819
20 0.0088838
21 0.00882973
22 0.00877599
23 0.00872258
24 0.00866949
25 0.00861673
26 0.00856429
27 0.00851217
28 0.00846036
29 0.00840887
30 0.0083577
31 0.00830683
32 0.00825627
33 0.00820603
34 0.00815608
35 0.00810645
36 0.00805711
37 0.00800807
38 0.00795934
39 0.0079109
40 0.00786275
41 0.0078149
42 0.00776734
43 0.00772006
44 0.00767308
45 0.00762638
46 0.00757997
47 0.00753383
48 0.00748798
49 0.00744241
50 0.00739712
51 0.0073521
52 0.00730735
53 0.00726288
54 0.00721868
55 0.00717474
56 0.00713108
57 0.00708768
58 0.00704454
59 0.00700167
60 0.00695906
61 0.0069167
62 0.00687461
63 0.00683277
64 0.00679118
65 0.00674985
66 0.00670877
67 0.00666794
68 0.00662736
69 0.00658703
70 0.00654694
71 0.00650709
72 0.00646749
73 0.00642813
74 0.00638901
75 0.00635013
76 0.00631148
77 0.00627307
78 0.00623489
79 0.00619694
80 0.00615923
81 0.00612174
82 0.00608449
83 0.00604746
84 0.00601065
85 0.00597407
86 0.00593771
87 0.00590157
88 0.00586566
89 0.00582996
90 0.00579448
91 0.00575921
92 0.00572416
93 0.00568932
94 0.0056547
95 0.00562028
96 0.00558608
97 0.00555208
98 0.00551829
99 0.00548471
100 0.00545133
101 0.00541815
102 0.00538517
103 0.0053524
104 0.00531983
105 0.00528745
106 0.00525527
107 0.00522329
108 0.0051915
109 0.0051599
110 0.0051285
111 0.00509729
112 0.00506626
113 0.00503543
114 0.00500478
115 0.00497432
116 0.00494405
117 0.00491396
118 0.00488405
119 0.00485433
120 0.00482479
121 0.00479542
122 0.00476624
123 0.00473723
124 0.0047084
125 0.00467974
126 0.00465126
127 0.00462295
128 0.00459482
129 0.00456686
130 0.00453906
131 0.00451144
132 0.00448398
133 0.00445669
134 0.00442957
135 0.00440261
136 0.00437581
137 0.00434918
138 0.00432271
139 0.0042964
140 0.00427026
141 0.00424427
142 0.00421844
143 0.00419276
144 0.00416725
145 0.00414188
146 0.00411668
147 0.00409162
148 0.00406672
149 0.00404197
150 0.00401737
151 0.00399292
152 0.00396862
153 0.00394447
154 0.00392046
155 0.0038966
156 0.00387289
157 0.00384932
158 0.00382589
159 0.0038026
160 0.00377946
161 0.00375646
162 0.0037336
163 0.00371087
164 0.00368829
165 0.00366584
166 0.00364353
167 0.00362136
168 0.00359932
169 0.00357741
170 0.00355564
171 0.003534
172 0.00351249
173 0.00349112
174 0.00346987
175 0.00344875
176 0.00342776
177 0.0034069
178 0.00338617
179 0.00336556
180 0.00334507
181 0.00332472
182 0.00330448
183 0.00328437
184 0.00326438
185 0.00324451
186 0.00322477
187 0.00320514
188 0.00318564
189 0.00316625
190 0.00314698
191 0.00312783
192 0.00310879
193 0.00308987
194 0.00307106
195 0.00305237
196 0.0030338
197 0.00301533
198 0.00299698
199 0.00297874
200 0.00296061
201 0.0029426
202 0.00292469
203 0.00290689
204 0.0028892
205 0.00287161
206 0.00285413
207 0.00283676
208 0.0028195
209 0.00280234
210 0.00278529
211 0.00276833
212 0.00275149
213 0.00273474
214 0.0027181
215 0.00270155
216 0.00268511
217 0.00266877
218 0.00265253
219 0.00263638
220 0.00262034
221 0.00260439
222 0.00258854
223 0.00257279
224 0.00255713
225 0.00254157
226 0.0025261
227 0.00251073
228 0.00249544
229 0.00248026
230 0.00246516
231 0.00245016
232 0.00243525
233 0.00242043
234 0.0024057
235 0.00239105
236 0.0023765
237 0.00236204
238 0.00234766
239 0.00233338
240 0.00231917
241 0.00230506
242 0.00229103
243 0.00227709
244 0.00226323
245 0.00224946
246 0.00223577
247 0.00222216
248 0.00220863
249 0.00219519
250 0.00218183
251 0.00216855
252 0.00215536
253 0.00214224
254 0.0021292
255 0.00211624
256 0.00210336
257 0.00209056
258 0.00207784
259 0.00206519
260 0.00205262
261 0.00204013
262 0.00202772
263 0.00201537
264 0.00200311
265 0.00199092
266 0.0019788
267 0.00196676
268 0.00195479
269 0.00194289
270 0.00193107
271 0.00191931
272 0.00190763
273 0.00189602
274 0.00188448
275 0.00187302
276 0.00186162
277 0.00185029
278 0.00183903
279 0.00182783
280 0.00181671
281 0.00180565
282 0.00179466
283 0.00178374
284 0.00177288
285 0.00176209
286 0.00175137
287 0.00174071
288 0.00173012
289 0.00171959
290 0.00170912
291 0.00169872
292 0.00168838
293 0.00167811
294 0.00166789
295 0.00165774
296 0.00164765
297 0.00163763
298 0.00162766
299 0.00161775
300 0.00160791
301 0.00159812
302 0.0015884
303 0.00157873
304 0.00156912
305 0.00155957
306 0.00155008
307 0.00154065
308 0.00153127
309 0.00152195
310 0.00151269
311 0.00150348
312 0.00149433
313 0.00148524
314 0.0014762
315 0.00146721
316 0.00145828
317 0.00144941
318 0.00144059
319 0.00143182
320 0.00142311
321 0.00141444
322 0.00140584
323 0.00139728
324 0.00138878
325 0.00138032
326 0.00137192
327 0.00136357
328 0.00135528
329 0.00134703
330 0.00133883
331 0.00133068
332 0.00132258
333 0.00131453
334 0.00130653
335 0.00129858
336 0.00129068
337 0.00128282
338 0.00127502
339 0.00126726
340 0.00125954
341 0.00125188
342 0.00124426
343 0.00123669
344 0.00122916
345 0.00122168
346 0.00121424
347 0.00120685
348 0.00119951
349 0.00119221
350 0.00118495
351 0.00117774
352 0.00117057
353 0.00116345
354 0.00115637
355 0.00114933
356 0.00114234
357 0.00113538
358 0.00112847
359 0.00112161
360 0.00111478
361 0.00110799
362 0.00110125
363 0.00109455
364 0.00108789
365 0.00108127
366 0.00107469
367 0.00106815
368 0.00106164
369 0.00105518
370 0.00104876
371 0.00104238
372 0.00103604
373 0.00102973
374 0.00102346
375 0.00101723
376 0.00101104
377 0.00100489
378 0.000998774
379 0.000992695
380 0.000986654
381 0.000980649
382 0.000974681
383 0.000968749
384 0.000962853
385 0.000956993
386 0.000951169
387 0.00094538
388 0.000939626
389 0.000933908
390 0.000928224
391 0.000922575
392 0.00091696
393 0.000911379
394 0.000905833
395 0.00090032
396 0.00089484
397 0.000889394
398 0.000883981
399 0.000878601
400 0.000873254
401 0.00086794
402 0.000862657
403 0.000857407
404 0.000852189
405 0.000847003
406 0.000841848
407 0.000836724
408 0.000831632
409 0.00082657
410 0.00082154
411 0.00081654
412 0.000811571
413 0.000806631
414 0.000801722
415 0.000796843
416 0.000791993
417 0.000787173
418 0.000782382
419 0.000777621
420 0.000772888
421 0.000768184
422 0.000763509
423 0.000758862
424 0.000754244
425 0.000749654
426 0.000745091
427 0.000740557
428 0.000736049
429 0.00073157
430 0.000727117
431 0.000722692
432 0.000718294
433 0.000713922
434 0.000709577
435 0.000705259
436 0.000700967
437 0.000696701
438 0.00069246
439 0.000688246
440 0.000684057
441 0.000679894
442 0.000675756
443 0.000671644
444 0.000667556
445 0.000663493
446 0.000659455
447 0.000655442
448 0.000651453
449 0.000647488
450 0.000643547
451 0.000639631
452 0.000635738
453 0.000631869
454 0.000628023
455 0.000624201
456 0.000620402
457 0.000616626
458 0.000612874
459 0.000609144
460 0.000605436
461 0.000601752
462 0.000598089
463 0.000594449
464 0.000590831
465 0.000587236
466 0.000583662
467 0.00058011
468 0.000576579
469 0.00057307
470 0.000569582
471 0.000566116
472 0.00056267
473 0.000559246
474 0.000555842
475 0.000552459
476 0.000549097
477 0.000545755
478 0.000542434
479 0.000539133
480 0.000535851
481 0.00053259
482 0.000529349
483 0.000526127
484 0.000522925
485 0.000519743
486 0.000516579
487 0.000513436
488 0.000510311
489 0.000507205
490 0.000504118
491 0.00050105
492 0.000498001
493 0.00049497
494 0.000491957
495 0.000488963
496 0.000485987
497 0.00048303
498 0.00048009
499 0.000477168
500 0.000474264
501 0.000471378
502 0.000468509
503 0.000465658
504 0.000462824
505 0.000460007
506 0.000457207
507 0.000454425
508 0.000451659
509 0.00044891
510 0.000446178
511 0.000443463
512 0.000440764
513 0.000438081
514 0.000435415
515 0.000432765
516 0.000430131
517 0.000427513
518 0.000424912
519 0.000422326
520 0.000419755
521 0.000417201
522 0.000414662
523 0.000412138
524 0.00040963
525 0.000407137
526 0.000404659
527 0.000402196
528 0.000399748
529 0.000397315
530 0.000394897
531 0.000392494
532 0.000390105
533 0.000387731
534 0.000385371
535 0.000383026
536 0.000380695
537 0.000378378
538 0.000376075
539 0.000373786
540 0.000371511
541 0.00036925
542 0.000367003
543 0.000364769
544 0.000362549
545 0.000360343
546 0.00035815
547 0.00035597
548 0.000353804
549 0.00035165
550 0.00034951
551 0.000347383
552 0.000345269
553 0.000343168
554 0.000341079
555 0.000339003
556 0.00033694
557 0.00033489
558 0.000332851
559 0.000330826
560 0.000328812
561 0.000326811
562 0.000324822
563 0.000322845
564 0.00032088
565 0.000318927
566 0.000316986
567 0.000315057
568 0.00031314
569 0.000311234
570 0.00030934
571 0.000307457
572 0.000305586
573 0.000303726
574 0.000301878
575 0.000300041
576 0.000298214
577 0.0002964
578 0.000294596
579 0.000292803
580 0.000291021
581 0.00028925
582 0.000287489
583 0.000285739
584 0.000284
585 0.000282272
586 0.000280554
587 0.000278847
588 0.00027715
589 0.000275463
590 0.000273786
591 0.00027212
592 0.000270464
593 0.000268818
594 0.000267182
595 0.000265556
596 0.00026394
597 0.000262333
598 0.000260737
599 0.00025915
600 0.000257573
601 0.000256005
602 0.000254447
603 0.000252898
604 0.000251359
605 0.00024983
606 0.000248309
607 0.000246798
608 0.000245296
609 0.000243803
610 0.000242319
611 0.000240844
612 0.000239379
613 0.000237922
614 0.000236474
615 0.000235035
616 0.000233604
617 0.000232182
618 0.000230769
619 0.000229365
620 0.000227969
621 0.000226582
622 0.000225203
623 0.000223832
624 0.00022247
625 0.000221116
626 0.00021977
627 0.000218432
628 0.000217103
629 0.000215782
630 0.000214469
631 0.000213163
632 0.000211866
633 0.000210577
634 0.000209295
635 0.000208021
636 0.000206755
637 0.000205497
638 0.000204246
639 0.000203003
640 0.000201768
641 0.00020054
642 0.000199319
643 0.000198106
644 0.0001969
645 0.000195702
646 0.000194511
647 0.000193327
648 0.000192151
649 0.000190981
650 0.000189819
651 0.000188664
652 0.000187515
653 0.000186374
654 0.00018524
655 0.000184113
656 0.000182992
657 0.000181878
658 0.000180771
659 0.000179671
660 0.000178578
661 0.000177491
662 0.000176411
663 0.000175337
664 0.00017427
665 0.000173209
666 0.000172155
667 0.000171107
668 0.000170066
669 0.000169031
670 0.000168002
671 0.00016698
672 0.000165964
673 0.000164954
674 0.00016395
675 0.000162952
676 0.00016196
677 0.000160974
678 0.000159995
679 0.000159021
680 0.000158053
681 0.000157091
682 0.000156135
683 0.000155185
684 0.000154241
685 0.000153302
686 0.000152369
687 0.000151442
688 0.00015052
689 0.000149604
690 0.000148693
691 0.000147788
692 0.000146889
693 0.000145995
694 0.000145106
695 0.000144223
696 0.000143346
697 0.000142473
698 0.000141606
699 0.000140744
700 0.000139888
701 0.000139036
702 0.00013819
703 0.000137349
704 0.000136513
705 0.000135682
706 0.000134857
707 0.000134036
708 0.00013322
709 0.000132409
710 0.000131603
711 0.000130802
712 0.000130006
713 0.000129215
714 0.000128429
715 0.000127647
716 0.00012687
717 0.000126098
718 0.000125331
719 0.000124568
720 0.00012381
721 0.000123056
722 0.000122307
723 0.000121563
724 0.000120823
725 0.000120088
726 0.000119357
727 0.000118631
728 0.000117909
729 0.000117191
730 0.000116478
731 0.000115769
732 0.000115064
733 0.000114364
734 0.000113668
735 0.000112976
736 0.000112289
737 0.000111605
738 0.000110926
739 0.000110251
740 0.00010958
741 0.000108913
742 0.00010825
743 0.000107591
744 0.000106937
745 0.000106286
746 0.000105639
747 0.000104996
748 0.000104357
749 0.000103722
750 0.000103091
751 0.000102463
752 0.00010184
753 0.00010122
754 0.000100604
755 9.99915e-05
756 9.93829e-05
757 9.87781e-05
758 9.81769e-05
759 9.75794e-05
760 9.69855e-05
761 9.63953e-05
762 9.58086e-05
763 9.52255e-05
764 9.4646e-05
765 9.407e-05
766 9.34974e-05
767 9.29284e-05
768 9.23629e-05
769 9.18007e-05
770 9.1242e-05
771 9.06867e-05
772 9.01348e-05
773 8.95862e-05
774 8.9041e-05
775 8.84991e-05
776 8.79605e-05
777 8.74252e-05
778 8.68931e-05
779 8.63643e-05
780 8.58387e-05
781 8.53162e-05
782 8.4797e-05
783 8.42809e-05
784 8.3768e-05
785 8.32582e-05
786 8.27515e-05
787 8.22478e-05
788 8.17473e-05
789 8.12498e-05
790 8.07553e-05
791 8.02638e-05
792 7.97753e-05
793 7.92898e-05
794 7.88072e-05
795 7.83276e-05
796 7.78509e-05
797 7.73771e-05
798 7.69062e-05
799 7.64381e-05
800 7.59729e-05
801 7.55105e-05
802 7.5051e-05
803 7.45942e-05
804 7.41402e-05
805 7.3689e-05
806 7.32405e-05
807 7.27948e-05
808 7.23518e-05
809 7.19114e-05
810 7.14738e-05
811 7.10388e-05
812 7.06064e-05
813 7.01767e-05
814 6.97496e-05
815 6.93251e-05
816 6.89032e-05
817 6.84839e-05
818 6.80671e-05
819 6.76528e-05
820 6.72411e-05
821 6.68319e-05
822 6.64251e-05
823 6.60208e-05
824 6.5619e-05
825 6.52197e-05
826 6.48228e-05
827 6.44282e-05
828 6.40361e-05
829 6.36464e-05
830 6.3259e-05
831 6.28741e-05
832 6.24914e-05
833 6.21111e-05
834 6.17331e-05
835 6.13574e-05
836 6.09839e-05
837 6.06128e-05
838 6.02439e-05
839 5.98772e-05
840 5.95128e-05
841 5.91506e-05
842 5.87906e-05
843 5.84328e-05
844 5.80772e-05
845 5.77238e-05
846 5.73724e-05
847 5.70233e-05
848 5.66762e-05
849 5.63313e-05
850 5.59885e-05
851 5.56477e-05
852 5.5309e-05
853 5.49724e-05
854 5.46379e-05
855 5.43053e-05
856 5.39748e-05
857 5.36463e-05
858 5.33198e-05
859 5.29953e-05
860 5.26728e-05
861 5.23522e-05
862 5.20336e-05
863 5.17169e-05
864 5.14022e-05
865 5.10894e-05
866 5.07784e-05
867 5.04694e-05
868 5.01622e-05
869 4.98569e-05
870 4.95535e-05
871 4.92519e-05
872 4.89522e-05
873 4.86543e-05
874 4.83581e-05
875 4.80638e-05
876 4.77713e-05
877 4.74806e-05
878 4.71916e-05
879 4.69044e-05
880 4.66189e-05
881 4.63352e-05
882 4.60532e-05
883 4.57729e-05
884 4.54944e-05
885 4.52175e-05
886 4.49423e-05
887 4.46688e-05
888 4.43969e-05
889 4.41267e-05
890 4.38582e-05
891 4.35912e-05
892 4.33259e-05
893 4.30623e-05
894 4.28002e-05
895 4.25397e-05
896 4.22808e-05
897 4.20235e-05
898 4.17677e-05
899 4.15135e-05
900 4.12609e-05
901 4.10097e-05
902 4.07602e-05
903 4.05121e-05
904 4.02655e-05
905 4.00205e-05
906 3.97769e-05
907 3.95348e-05
908 3.92942e-05
909 3.90551e-05
910 3.88174e-05
911 3.85811e-05
912 3.83463e-05
913 3.8113e-05
914 3.7881e-05
915 3.76505e-05
916 3.74213e-05
917 3.71936e-05
918 3.69672e-05
919 3.67422e-05
920 3.65186e-05
921 3.62964e-05
922 3.60755e-05
923 3.58559e-05
924 3.56377e-05
925 3.54208e-05
926 3.52052e-05
927 3.4991e-05
928 3.4778e-05
929 3.45663e-05
930 3.4356e-05
931 3.41469e-05
932 3.39391e-05
933 3.37325e-05
934 3.35272e-05
935 3.33232e-05
936 3.31204e-05
937 3.29188e-05
938 3.27184e-05
939 3.25193e-05
940 3.23214e-05
941 3.21247e-05
942 3.19292e-05
943 3.17349e-05
944 3.15417e-05
945 3.13498e-05
946 3.1159e-05
947 3.09693e-05
948 3.07808e-05
949 3.05935e-05
950 3.04073e-05
951 3.02223e-05
952 3.00383e-05
953 2.98555e-05
954 2.96738e-05
955 2.94932e-05
956 2.93137e-05
957 2.91353e-05
958 2.8958e-05
959 2.87818e-05
960 2.86066e-05
961 2.84325e-05
962 2.82594e-05
963 2.80875e-05
964 2.79165e-05
965 2.77466e-05
966 2.75777e-05
967 2.74099e-05
968 2.72431e-05
969 2.70773e-05
970 2.69125e-05
971 2.67487e-05
972 2.65859e-05
973 2.64241e-05
974 2.62633e-05
975 2.61035e-05
976 2.59446e-05
977 2.57867e-05
978 2.56297e-05
979 2.54738e-05
980 2.53187e-05
981 2.51646e-05
982 2.50115e-05
983 2.48593e-05
984 2.4708e-05
985 2.45576e-05
986 2.44081e-05
987 2.42596e-05
988 2.41119e-05
989 2.39652e-05
990 2.38193e-05
991 2.36744e-05
992 2.35303e-05
993 2.33871e-05
994 2.32448e-05
995 2.31033e-05
996 2.29627e-05
997 2.28229e-05
998 2.2684e-05
999 2.2546e-05
1000 2.24088e-05
1001 2.22724e-05
1002 2.21368e-05
1003 2.20021e-05
1004 2.18682e-05
1005 2.17351e-05
1006 2.16028e-05
1007 2.14714e-05
1008 2.13407e-05
1009 2.12108e-05
1010 2.10817e-05
1011 2.09534e-05
1012 2.08259e-05
1013 2.06991e-05
1014 2.05732e-05
1015 2.04479e-05
1016 2.03235e-05
1017 2.01998e-05
1018 2.00769e-05
1019 1.99547e-05
1020 1.98332e-05
1021 1.97125e-05
1022 1.95926e-05
1023 1.94733e-05
1024 1.93548e-05
1025 1.9237e-05
1026 1.91199e-05
1027 1.90036e-05
1028 1.88879e-05
1029 1.8773e-05
1030 1.86587e-05
1031 1.85452e-05
1032 1.84323e-05
1033 1.83201e-05
1034 1.82086e-05
1035 1.80978e-05
1036 1.79877e-05
1037 1.78782e-05
1038 1.77694e-05
1039 1.76612e-05
1040 1.75537e-05
1041 1.74469e-05
1042 1.73407e-05
1043 1.72352e-05
1044 1.71303e-05
1045 1.7026e-05
1046 1.69224e-05
1047 1.68194e-05
1048 1.67171e-05
1049 1.66153e-05
1050 1.65142e-05
1051 1.64137e-05
1052 1.63138e-05
1053 1.62145e-05
1054 1.61158e-05
1055 1.60178e-05
1056 1.59203e-05
1057 1.58234e-05
1058 1.57271e-05
1059 1.56314e-05
1060 1.55362e-05
1061 1.54417e-05
1062 1.53477e-05
1063 1.52543e-05
1064 1.51614e-05
1065 1.50692e-05
1066 1.49775e-05
1067 1.48863e-05
1068 1.47957e-05
1069 1.47057e-05
1070 1.46162e-05
1071 1.45272e-05
1072 1.44388e-05
1073 1.43509e-05
1074 1.42636e-05
1075 1.41768e-05
1076 1.40905e-05
1077 1.40047e-05
1078 1.39195e-05
1079 1.38348e-05
1080 1.37506e-05
1081 1.36669e-05
1082 1.35837e-05
1083 1.35011e-05
1084 1.34189e-05
1085 1.33372e-05
1086 1.32561e-05
1087 1.31754e-05
1088 1.30952e-05
1089 1.30155e-05
1090 1.29363e-05
1091 1.28575e-05
1092 1.27793e-05
1093 1.27015e-05
1094 1.26242e-05
1095 1.25474e-05
1096 1.2471e-05
1097 1.23951e-05
1098 1.23197e-05
1099 1.22447e-05
1100 1.21702e-05
1101 1.20961e-05
1102 1.20225e-05
1103 1.19493e-05
1104 1.18766e-05
1105 1.18043e-05
1106 1.17325e-05
1107 1.16611e-05
1108 1.15901e-05
1109 1.15196e-05
1110 1.14495e-05
1111 1.13798e-05
1112 1.13105e-05
1113 1.12417e-05
1114 1.11733e-05
1115 1.11053e-05
1116 1.10377e-05
1117 1.09705e-05
1118 1.09037e-05
1119 1.08374e-05
1120 1.07714e-05
1121 1.07059e-05
1122 1.06407e-05
1123 1.0576e-05
1124 1.05116e-05
1125 1.04476e-05
1126 1.0384e-05
1127 1.03208e-05
1128 1.0258e-05
1129 1.01956e-05
1130 1.01335e-05
1131 1.00719e-05
1132 1.00106e-05
1133 9.94964e-06
1134 9.88909e-06
1135 9.82891e-06
1136 9.76909e-06
1137 9.70963e-06
1138 9.65054e-06
1139 9.59181e-06
1140 9.53343e-06
1141 9.47541e-06
1142 9.41774e-06
1143 9.36042e-06
1144 9.30346e-06
1145 9.24684e-06
1146 9.19056e-06
1147 9.13462e-06
1148 9.07903e-06
1149 9.02378e-06
1150 8.96886e-06
1151 8.91427e-06
1152 8.86002e-06
1153 8.8061e-06
1154 8.7525e-06
1155 8.69924e-06
1156 8.64629e-06
1157 8.59367e-06
1158 8.54137e-06
1159 8.48939e-06
1160 8.43772e-06
1161 8.38637e-06
1162 8.33533e-06
1163 8.2846e-06
1164 8.23418e-06
1165 8.18406e-06
1166 8.13426e-06
1167 8.08475e-06
1168 8.03555e-06
1169 7.98664e-06
1170 7.93803e-06
1171 7.88972e-06
1172 7.84171e-06
1173 7.79398e-06
1174 7.74655e-06
1175 7.6994e-06
1176 7.65254e-06
1177 7.60597e-06
1178 7.55968e-06
1179 7.51367e-06
1180 7.46794e-06
1181 7.42249e-06
1182 7.37732e-06
1183 7.33242e-06
1184 7.28779e-06
1185 7.24344e-06
1186 7.19936e-06
1187 7.15554e-06
1188 7.11199e-06
1189 7.06871e-06
1190 7.02569e-06
1191 6.98293e-06
1192 6.94043e-06
1193 6.89819e-06
1194 6.85621e-06
1195 6.81448e-06
1196 6.77301e-06
1197 6.73179e-06
1198 6.69082e-06
1199 6.6501e-06
1200 6.60963e-06
1201 6.5694e-06
1202 6.52942e-06
1203 6.48968e-06
1204 6.45018e-06
1205 6.41093e-06
1206 6.37191e-06
1207 6.33313e-06
1208 6.29459e-06
1209 6.25628e-06
1210 6.2182e-06
1211 6.18036e-06
1212 6.14274e-06
1213 6.10536e-06
1214 6.0682e-06
1215 6.03127e-06
1216 5.99456e-06
1217 5.95808e-06
1218 5.92182e-06
1219 5.88578e-06
1220 5.84996e-06
1221 5.81436e-06
1222 5.77897e-06
1223 5.7438e-06
1224 5.70884e-06
1225 5.6741e-06
1226 5.63956e-06
1227 5.60524e-06
1228 5.57113e-06
1229 5.53722e-06
1230 5.50352e-06
1231 5.47003e-06
1232 5.43674e-06
1233 5.40365e-06
1234 5.37076e-06
1235 5.33808e-06
1236 5.30559e-06
1237 5.2733e-06
1238 5.2412e-06
1239 5.20931e-06
1240 5.1776e-06
1241 5.14609e-06
1242 5.11477e-06
1243 5.08364e-06
1244 5.0527e-06
1245 5.02195e-06
1246 4.99139e-06
1247 4.96101e-06
1248 4.93082e-06
1249 4.90081e-06
1250 4.87098e-06
1251 4.84134e-06
1252 4.81187e-06
1253 4.78259e-06
1254 4.75348e-06
1255 4.72455e-06
1256 4.6958e-06
1257 4.66722e-06
1258 4.63881e-06
1259 4.61058e-06
1260 4.58252e-06
1261 4.55463e-06
1262 4.52691e-06
1263 4.49936e-06
1264 4.47198e-06
1265 4.44476e-06
1266 4.41771e-06
1267 4.39083e-06
1268 4.3641e-06
1269 4.33754e-06
1270 4.31114e-06
1271 4.28491e-06
1272 4.25883e-06
1273 4.23291e-06
1274 4.20715e-06
1275 4.18154e-06
1276 4.15609e-06
1277 4.1308e-06
1278 4.10566e-06
1279 4.08067e-06
1280 4.05584e-06
1281 4.03115e-06
1282 4.00662e-06
1283 3.98223e-06
1284 3.958e-06
1285 3.93391e-06
1286 3.90997e-06
1287 3.88617e-06
1288 3.86252e-06
1289 3.83901e-06
1290 3.81565e-06
1291 3.79243e-06
1292 3.76935e-06
1293 3.74641e-06
1294 3.72361e-06
1295 3.70094e-06
1296 3.67842e-06
1297 3.65603e-06
1298 3.63378e-06
1299 3.61167e-06
1300 3.58969e-06
1301 3.56784e-06
1302 3.54612e-06
1303 3.52454e-06
1304 3.50309e-06
1305 3.48177e-06
1306 3.46058e-06
1307 3.43952e-06
1308 3.41859e-06
1309 3.39778e-06
1310 3.3771e-06
1311 3.35655e-06
1312 3.33612e-06
1313 3.31582e-06
1314 3.29564e-06
1315 3.27558e-06
1316 3.25565e-06
1317 3.23583e-06
1318 3.21614e-06
1319 3.19656e-06
1320 3.17711e-06
1321 3.15777e-06
1322 3.13856e-06
1323 3.11945e-06
1324 3.10047e-06
1325 3.0816e-06
1326 3.06285e-06
1327 3.0442e-06
1328 3.02568e-06
1329 3.00726e-06
1330 2.98896e-06
1331 2.97077e-06
1332 2.95269e-06
1333 2.93472e-06
1334 2.91686e-06
1335 2.89911e-06
1336 2.88146e-06
1337 2.86393e-06
1338 2.8465e-06
1339 2.82917e-06
1340 2.81195e-06
1341 2.79484e-06
1342 2.77783e-06
1343 2.76092e-06
1344 2.74412e-06
1345 2.72742e-06
1346 2.71082e-06
1347 2.69432e-06
1348 2.67793e-06
1349 2.66163e-06
1350 2.64543e-06
1351 2.62933e-06
1352 2.61333e-06
1353 2.59742e-06
1354 2.58161e-06
1355 2.5659e-06
1356 2.55029e-06
1357 2.53476e-06
1358 2.51934e-06
1359 2.50401e-06
1360 2.48877e-06
1361 2.47362e-06
1362 2.45856e-06
1363 2.4436e-06
1364 2.42873e-06
1365 2.41395e-06
1366 2.39926e-06
1367 2.38466e-06
1368 2.37014e-06
1369 2.35572e-06
1370 2.34138e-06
1371 2.32713e-06
1372 2.31297e-06
1373 2.29889e-06
1374 2.2849e-06
1375 2.27099e-06
1376 2.25717e-06
1377 2.24344e-06
1378 2.22978e-06
1379 2.21621e-06
1380 2.20272e-06
1381 2.18932e-06
1382 2.17599e-06
1383 2.16275e-06
1384 2.14959e-06
1385 2.13651e-06
1386 2.1235e-06
1387 2.11058e-06
1388 2.09773e-06
1389 2.08497e-06
1390 2.07228e-06
1391 2.05967e-06
1392 2.04713e-06
1393 2.03467e-06
1394 2.02229e-06
1395 2.00998e-06
1396 1.99775e-06
1397 1.98559e-06
1398 1.97351e-06
1399 1.96149e-06
1400 1.94956e-06
1401 1.93769e-06
1402 1.9259e-06
1403 1.91418e-06
1404 1.90253e-06
1405 1.89095e-06
1406 1.87944e-06
1407 1.868e-06
1408 1.85663e-06
1409 1.84533e-06
1410 1.8341e-06
1411 1.82294e-06
1412 1.81185e-06
1413 1.80082e-06
1414 1.78986e-06
1415 1.77897e-06
1416 1.76814e-06
1417 1.75738e-06
1418 1.74668e-06
1419 1.73605e-06
1420 1.72549e-06
1421 1.71499e-06
1422 1.70455e-06
1423 1.69417e-06
1424 1.68386e-06
1425 1.67362e-06
1426 1.66343e-06
1427 1.65331e-06
1428 1.64324e-06
1429 1.63324e-06
1430 1.6233e-06
1431 1.61342e-06
1432 1.6036e-06
1433 1.59385e-06
1434 1.58414e-06
1435 1.5745e-06
1436 1.56492e-06
1437 1.5554e-06
1438 1.54593e-06
1439 1.53652e-06
1440 1.52717e-06
1441 1.51788e-06
1442 1.50864e-06
1443 1.49946e-06
1444 1.49033e-06
1445 1.48126e-06
1446 1.47225e-06
1447 1.46329e-06
1448 1.45438e-06
1449 1.44553e-06
1450 1.43673e-06
1451 1.42799e-06
1452 1.4193e-06
1453 1.41066e-06
1454 1.40207e-06
1455 1.39354e-06
1456 1.38506e-06
1457 1.37663e-06
1458 1.36825e-06
1459 1.35992e-06
1460 1.35165e-06
1461 1.34342e-06
1462 1.33525e-06
1463 1.32712e-06
1464 1.31904e-06
1465 1.31101e-06
1466 1.30304e-06
1467 1.29511e-06
1468 1.28722e-06
1469 1.27939e-06
1470 1.2716e-06
1471 1.26386e-06
1472 1.25617e-06
1473 1.24853e-06
1474 1.24093e-06
1475 1.23338e-06
1476 1.22587e-06
1477 1.21841e-06
1478 1.21099e-06
1479 1.20362e-06
1480 1.1963e-06
1481 1.18902e-06
1482 1.18178e-06
1483 1.17459e-06
1484 1.16744e-06
1485 1.16034e-06
1486 1.15327e-06
1487 1.14625e-06
1488 1.13928e-06
1489 1.13234e-06
1490 1.12545e-06
1491 1.1186e-06
1492 1.1118e-06
1493 1.10503e-06
1494 1.0983e-06
1495 1.09162e-06
1496 1.08498e-06
1497 1.07837e-06
1498 1.07181e-06
1499 1.06529e-06
1500 1.0588e-06
1501 1.05236e-06
1502 1.04595e-06
1503 1.03959e-06
1504 1.03326e-06
1505 1.02697e-06
1506 1.02072e-06
1507 1.01451e-06
1508 1.00834e-06
1509 1.0022e-06
1510 9.96101e-07
1511 9.90039e-07
1512 9.84013e-07
1513 9.78025e-07
1514 9.72072e-07
1515 9.66156e-07
1516 9.60276e-07
1517 9.54432e-07
1518 9.48623e-07
1519 9.4285e-07
1520 9.37112e-07
1521 9.31408e-07
1522 9.2574e-07
1523 9.20106e-07
1524 9.14506e-07
1525 9.0894e-07
1526 9.03408e-07
1527 8.9791e-07
1528 8.92445e-07
1529 8.87014e-07
1530 8.81616e-07
1531 8.7625e-07
1532 8.70917e-07
1533 8.65617e-07
1534 8.60349e-07
1535 8.55112e-07
1536 8.49908e-07
1537 8.44736e-07
1538 8.39595e-07
1539 8.34485e-07
1540 8.29406e-07
1541 8.24358e-07
1542 8.19341e-07
1543 8.14355e-07
1544 8.09398e-07
1545 8.04472e-07
1546 7.99576e-07
1547 7.9471e-07
1548 7.89874e-07
1549 7.85066e-07
1550 7.80288e-07
1551 7.7554e-07
1552 7.7082e-07
1553 7.66128e-07
1554 7.61466e-07
1555 7.56831e-07
1556 7.52225e-07
1557 7.47647e-07
1558 7.43097e-07
1559 7.38575e-07
1560 7.3408e-07
1561 7.29612e-07
1562 7.25171e-07
1563 7.20758e-07
1564 7.16371e-07
1565 7.12012e-07
1566 7.07678e-07
1567 7.03371e-07
1568 6.99091e-07
1569 6.94836e-07
1570 6.90607e-07
1571 6.86404e-07
1572 6.82227e-07
1573 6.78075e-07
1574 6.73948e-07
1575 6.69846e-07
1576 6.65769e-07
1577 6.61718e-07
1578 6.5769e-07
1579 6.53688e-07
1580 6.49709e-07
1581 6.45755e-07
1582 6.41825e-07
1583 6.37919e-07
1584 6.34036e-07
1585 6.30178e-07
1586 6.26342e-07
1587 6.2253e-07
1588 6.18742e-07
1589 6.14976e-07
1590 6.11233e-07
1591 6.07513e-07
1592 6.03816e-07
1593 6.00141e-07
1594 5.96489e-07
1595 5.92858e-07
1596 5.8925e-07
1597 5.85664e-07
1598 5.821e-07
1599 5.78557e-07
1600 5.75036e-07
1601 5.71536e-07
1602 5.68058e-07
1603 5.64601e-07
1604 5.61164e-07
1605 5.57749e-07
1606 5.54355e-07
1607 5.50981e-07
1608 5.47628e-07
1609 5.44295e-07
1610 5.40982e-07
1611 5.3769e-07
1612 5.34417e-07
1613 5.31165e-07
1614 5.27932e-07
1615 5.24719e-07
1616 5.21526e-07
1617 5.18352e-07
1618 5.15197e-07
1619 5.12061e-07
1620 5.08945e-07
1621 5.05848e-07
1622 5.02769e-07
1623 4.99709e-07
1624 4.96668e-07
1625 4.93645e-07
1626 4.90641e-07
1627 4.87655e-07
1628 4.84687e-07
1629 4.81737e-07
1630 4.78805e-07
1631 4.75891e-07
1632 4.72995e-07
1633 4.70116e-07
1634 4.67255e-07
1635 4.64411e-07
1636 4.61585e-07
1637 4.58776e-07
1638 4.55984e-07
1639 4.53208e-07
1640 4.5045e-07
1641 4.47709e-07
1642 4.44984e-07
1643 4.42276e-07
1644 4.39584e-07
1645 4.36909e-07
1646 4.3425e-07
1647 4.31607e-07
1648 4.2898e-07
1649 4.26369e-07
1650 4.23774e-07
1651 4.21195e-07
1652 4.18632e-07
1653 4.16084e-07
1654 4.13552e-07
1655 4.11035e-07
1656 4.08533e-07
1657 4.06047e-07
1658 4.03576e-07
1659 4.0112e-07
1660 3.98678e-07
1661 3.96252e-07
1662 3.9384e-07
1663 3.91443e-07
1664 3.89061e-07
1665 3.86693e-07
1666 3.8434e-07
1667 3.82001e-07
1668 3.79676e-07
1669 3.77365e-07
1670 3.75068e-07
1671 3.72786e-07
1672 3.70517e-07
1673 3.68262e-07
1674 3.66021e-07
1675 3.63793e-07
1676 3.61579e-07
1677 3.59379e-07
1678 3.57191e-07
1679 3.55017e-07
1680 3.52857e-07
1681 3.50709e-07
1682 3.48575e-07
1683 3.46453e-07
1684 3.44345e-07
1685 3.42249e-07
1686 3.40166e-07
1687 3.38096e-07
1688 3.36038e-07
1689 3.33993e-07
1690 3.31961e-07
1691 3.2994e-07
1692 3.27932e-07
1693 3.25936e-07
1694 3.23953e-07
1695 3.21981e-07
1696 3.20022e-07
1697 3.18074e-07
1698 3.16138e-07
1699 3.14214e-07
1700 3.12302e-07
1701 3.10401e-07
1702 3.08512e-07
1703 3.06634e-07
1704 3.04768e-07
1705 3.02913e-07
1706 3.0107e-07
1707 2.99237e-07
1708 2.97416e-07
1709 2.95606e-07
1710 2.93807e-07
1711 2.92019e-07
1712 2.90242e-07
1713 2.88475e-07
1714 2.8672e-07
1715 2.84975e-07
1716 2.8324e-07
1717 2.81517e-07
1718 2.79803e-07
1719 2.781e-07
1720 2.76408e-07
1721 2.74726e-07
1722 2.73054e-07
1723 2.71392e-07
1724 2.6974e-07
1725 2.68098e-07
1726 2.66467e-07
1727 2.64845e-07
1728 2.63233e-07
1729 2.61631e-07
1730 2.60039e-07
1731 2.58456e-07
1732 2.56883e-07
1733 2.5532e-07
1734 2.53766e-07
1735 2.52222e-07
1736 2.50687e-07
1737 2.49161e-07
1738 2.47644e-07
1739 2.46137e-07
1740 2.44639e-07
1741 2.4315e-07
1742 2.41671e-07
1743 2.402e-07
1744 2.38738e-07
1745 2.37285e-07
1746 2.35841e-07
1747 2.34406e-07
1748 2.32979e-07
1749 2.31561e-07
1750 2.30152e-07
1751 2.28751e-07
1752 2.27359e-07
1753 2.25975e-07
1754 2.246e-07
1755 2.23233e-07
1756 2.21874e-07
1757 2.20524e-07
1758 2.19182e-07
1759 2.17848e-07
1760 2.16522e-07
1761 2.15204e-07
1762 2.13895e-07
1763 2.12593e-07
1764 2.11299e-07
1765 2.10013e-07
1766 2.08735e-07
1767 2.07464e-07
1768 2.06202e-07
1769 2.04947e-07
1770 2.037e-07
1771 2.0246e-07
1772 2.01228e-07
1773 2.00003e-07
1774 1.98786e-07
1775 1.97576e-07
1776 1.96373e-07
1777 1.95178e-07
1778 1.93991e-07
1779 1.9281e-07
1780 1.91636e-07
1781 1.9047e-07
1782 1.89311e-07
1783 1.88159e-07
1784 1.87014e-07
1785 1.85875e-07
1786 1.84744e-07
1787 1.8362e-07
1788 1.82502e-07
1789 1.81392e-07
1790 1.80288e-07
1791 1.7919e-07
1792 1.781e-07
1793 1.77016e-07
1794 1.75939e-07
1795 1.74868e-07
1796 1.73804e-07
1797 1.72746e-07
1798 1.71694e-07
1799 1.7065e-07
1800 1.69611e-07
1801 1.68579e-07
1802 1.67553e-07
1803 1.66533e-07
1804 1.65519e-07
1805 1.64512e-07
1806 1.63511e-07
1807 1.62516e-07
1808 1.61527e-07
1809 1.60544e-07
1810 1.59567e-07
1811 1.58595e-07
1812 1.5763e-07
1813 1.56671e-07
1814 1.55717e-07
1815 1.5477e-07
1816 1.53828e-07
1817 1.52892e-07
1818 1.51961e-07
1819 1.51036e-07
1820 1.50117e-07
1821 1.49203e-07
1822 1.48295e-07
1823 1.47393e-07
1824 1.46496e-07
1825 1.45604e-07
1826 1.44718e-07
1827 1.43837e-07
1828 1.42962e-07
1829 1.42092e-07
1830 1.41227e-07
1831 1.40368e-07
1832 1.39513e-07
1833 1.38664e-07
1834 1.3782e-07
1835 1.36981e-07
1836 1.36148e-07
1837 1.35319e-07
1838 1.34496e-07
1839 1.33677e-07
1840 1.32864e-07
1841 1.32055e-07
1842 1.31251e-07
1843 1.30452e-07
1844 1.29658e-07
1845 1.28869e-07
1846 1.28085e-07
1847 1.27306e-07
1848 1.26531e-07
1849 1.25761e-07
1850 1.24995e-07
1851 1.24235e-07
1852 1.23478e-07
1853 1.22727e-07
1854 1.2198e-07
1855 1.21238e-07
1856 1.205e-07
1857 1.19766e-07
1858 1.19038e-07
1859 1.18313e-07
1860 1.17593e-07
1861 1.16877e-07
1862 1.16166e-07
1863 1.15459e-07
1864 1.14756e-07
1865 1.14058e-07
1866 1.13364e-07
1867 1.12674e-07
1868 1.11988e-07
1869 1.11307e-07
1870 1.10629e-07
1871 1.09956e-07
1872 1.09287e-07
1873 1.08622e-07
1874 1.0796e-07
1875 1.07303e-07
1876 1.0665e-07
1877 1.06001e-07
1878 1.05356e-07
1879 1.04715e-07
1880 1.04078e-07
1881 1.03444e-07
1882 1.02815e-07
1883 1.02189e-07
1884 1.01567e-07
1885 1.00949e-07
1886 1.00335e-07
1887 9.97239e-08
1888 9.9117e-08
1889 9.85137e-08
1890 9.79142e-08
1891 9.73183e-08
1892 9.6726e-08
1893 9.61373e-08
1894 9.55522e-08
1895 9.49707e-08
1896 9.43927e-08
1897 9.38182e-08
1898 9.32472e-08
1899 9.26797e-08
1900 9.21157e-08
1901 9.1555e-08
1902 9.09978e-08
1903 9.0444e-08
1904 8.98936e-08
1905 8.93465e-08
1906 8.88027e-08
1907 8.82623e-08
1908 8.77251e-08
1909 8.71912e-08
1910 8.66605e-08
1911 8.61331e-08
1912 8.56089e-08
1913 8.50879e-08
1914 8.45701e-08
1915 8.40554e-08
1916 8.35438e-08
1917 8.30353e-08
1918 8.253e-08
1919 8.20277e-08
1920 8.15285e-08
1921 8.10323e-08
1922 8.05391e-08
1923 8.0049e-08
1924 7.95618e-08
1925 7.90776e-08
1926 7.85963e-08
1927 7.8118e-08
1928 7.76425e-08
1929 7.717e-08
1930 7.67003e-08
1931 7.62335e-08
1932 7.57696e-08
1933 7.53085e-08
1934 7.48501e-08
1935 7.43946e-08
1936 7.39418e-08
1937 7.34918e-08
1938 7.30445e-08
1939 7.26e-08
1940 7.21581e-08
1941 7.1719e-08
1942 7.12825e-08
1943 7.08487e-08
1944 7.04175e-08
1945 6.99889e-08
1946 6.9563e-08
1947 6.91396e-08
1948 6.87188e-08
1949 6.83006e-08
1950 6.78849e-08
1951 6.74718e-08
1952 6.70611e-08
1953 6.6653e-08
1954 6.62473e-08
1955 6.58442e-08
1956 6.54434e-08
1957 6.50451e-08
1958 6.46493e-08
1959 6.42558e-08
1960 6.38647e-08
1961 6.34761e-08
1962 6.30897e-08
1963 6.27058e-08
1964 6.23241e-08
1965 6.19448e-08
1966 6.15678e-08
1967 6.11931e-08
1968 6.08207e-08
1969 6.04506e-08
1970 6.00827e-08
1971 5.9717e-08
1972 5.93536e-08
1973 5.89923e-08
1974 5.86333e-08
1975 5.82765e-08
1976 5.79218e-08
1977 5.75693e-08
1978 5.72189e-08
1979 5.68707e-08
1980 5.65245e-08
1981 5.61805e-08
1982 5.58386e-08
1983 5.54988e-08
1984 5.5161e-08
1985 5.48253e-08
1986 5.44916e-08
1987 5.416e-08
1988 5.38304e-08
1989 5.35028e-08
1990 5.31771e-08
1991 5.28535e-08
1992 5.25318e-08
1993 5.22121e-08
1994 5.18944e-08
1995 5.15785e-08
1996 5.12646e-08
1997 5.09526e-08
1998 5.06425e-08
1999 5.03343e-08
