0 0.00998027
1 0.00995403
2 0.00994872
3 0.00993518
4 0.00992486
5 0.00991332
6 0.00990226
7 0.00989104
8 0.00987989
9 0.00986874
10 0.0098576
11 0.00984648
12 0.00983536
13 0.00982426
14 0.00981318
15 0.0098021
16 0.00979104
17 0.00977999
18 0.00976895
19 0.00975793
20 0.00974692
21 0.00973592
22 0.00972493
23 0.00971396
24 0.00970299
25 0.00969204
26 0.00968111
27 0.00967018
28 0.00965927
29 0.00964837
30 0.00963748
31 0.0096266
32 0.00961574
33 0.00960489
34 0.00959405
35 0.00958322
36 0.0095724
37 0.0095616
38 0.00955081
39 0.00954003
40 0.00952927
41 0.00951851
42 0.00950777
43 0.00949704
44 0.00948632
45 0.00947562
46 0.00946492
47 0.00945424
48 0.00944357
49 0.00943292
50 0.00942227
51 0.00941164
52 0.00940102
53 0.00939041
54 0.00937981
55 0.00936922
56 0.00935865
57 0.00934809
58 0.00933754
59 0.009327
60 0.00931648
61 0.00930596
62 0.00929546
63 0.00928497
64 0.00927449
65 0.00926402
66 0.00925357
67 0.00924313
68 0.0092327
69 0.00922228
70 0.00921187
71 0.00920147
72 0.00919109
73 0.00918072
74 0.00917036
75 0.00916001
76 0.00914967
77 0.00913934
78 0.00912903
79 0.00911873
80 0.00910844
81 0.00909816
82 0.00908789
83 0.00907763
84 0.00906739
85 0.00905716
86 0.00904693
87 0.00903673
88 0.00902653
89 0.00901634
90 0.00900616
91 0.008996
92 0.00898585
93 0.00897571
94 0.00896558
95 0.00895546
96 0.00894535
97 0.00893526
98 0.00892518
99 0.0089151
100 0.00890504
101 0.00889499
102 0.00888495
103 0.00887493
104 0.00886491
105 0.00885491
106 0.00884491
107 0.00883493
108 0.00882496
109 0.008815
110 0.00880505
111 0.00879512
112 0.00878519
113 0.00877528
114 0.00876538
115 0.00875548
116 0.0087456
117 0.00873573
118 0.00872587
119 0.00871603
120 0.00870619
121 0.00869637
122 0.00868655
123 0.00867675
124 0.00866696
125 0.00865718
126 0.00864741
127 0.00863765
128 0.0086279
129 0.00861816
130 0.00860844
131 0.00859872
132 0.00858902
133 0.00857932
134 0.00856964
135 0.00855997
136 0.00855031
137 0.00854066
138 0.00853102
139 0.0085214
140 0.00851178
141 0.00850217
142 0.00849258
143 0.00848299
144 0.00847342
145 0.00846386
146 0.00845431
147 0.00844477
148 0.00843524
149 0.00842572
150 0.00841621
151 0.00840671
152 0.00839722
153 0.00838775
154 0.00837828
155 0.00836882
156 0.00835938
157 0.00834995
158 0.00834052
159 0.00833111
160 0.00832171
161 0.00831232
162 0.00830294
163 0.00829357
164 0.00828421
165 0.00827486
166 0.00826552
167 0.00825619
168 0.00824687
169 0.00823757
170 0.00822827
171 0.00821899
172 0.00820971
173 0.00820044
174 0.00819119
175 0.00818195
176 0.00817271
177 0.00816349
178 0.00815428
179 0.00814507
180 0.00813588
181 0.0081267
182 0.00811753
183 0.00810837
184 0.00809922
185 0.00809008
186 0.00808095
187 0.00807183
188 0.00806272
189 0.00805362
190 0.00804453
191 0.00803545
192 0.00802638
193 0.00801733
194 0.00800828
195 0.00799924
196 0.00799021
197 0.0079812
198 0.00797219
199 0.00796319
200 0.00795421
201 0.00794523
202 0.00793626
203 0.00792731
204 0.00791836
205 0.00790942
206 0.0079005
207 0.00789158
208 0.00788268
209 0.00787378
210 0.0078649
211 0.00785602
212 0.00784715
213 0.0078383
214 0.00782945
215 0.00782062
216 0.00781179
217 0.00780297
218 0.00779417
219 0.00778537
220 0.00777659
221 0.00776781
222 0.00775904
223 0.00775029
224 0.00774154
225 0.00773281
226 0.00772408
227 0.00771536
228 0.00770665
229 0.00769796
230 0.00768927
231 0.00768059
232 0.00767192
233 0.00766327
234 0.00765462
235 0.00764598
236 0.00763735
237 0.00762873
238 0.00762012
239 0.00761152
240 0.00760293
241 0.00759435
242 0.00758578
243 0.00757722
244 0.00756867
245 0.00756013
246 0.0075516
247 0.00754308
248 0.00753456
249 0.00752606
250 0.00751757
251 0.00750908
252 0.00750061
253 0.00749214
254 0.00748369
255 0.00747524
256 0.00746681
257 0.00745838
258 0.00744996
259 0.00744156
260 0.00743316
261 0.00742477
262 0.00741639
263 0.00740802
264 0.00739966
265 0.00739131
266 0.00738297
267 0.00737464
268 0.00736631
269 0.007358
270 0.0073497
271 0.0073414
272 0.00733312
273 0.00732484
274 0.00731658
275 0.00730832
276 0.00730007
277 0.00729183
278 0.0072836
279 0.00727538
280 0.00726717
281 0.00725897
282 0.00725078
283 0.0072426
284 0.00723442
285 0.00722626
286 0.00721811
287 0.00720996
288 0.00720182
289 0.0071937
290 0.00718558
291 0.00717747
292 0.00716937
293 0.00716128
294 0.0071532
295 0.00714512
296 0.00713706
297 0.007129
298 0.00712096
299 0.00711292
300 0.0071049
301 0.00709688
302 0.00708887
303 0.00708087
304 0.00707288
305 0.0070649
306 0.00705692
307 0.00704896
308 0.007041
309 0.00703306
310 0.00702512
311 0.00701719
312 0.00700927
313 0.00700136
314 0.00699346
315 0.00698557
316 0.00697769
317 0.00696981
318 0.00696195
319 0.00695409
320 0.00694624
321 0.0069384
322 0.00693057
323 0.00692275
324 0.00691494
325 0.00690714
326 0.00689934
327 0.00689155
328 0.00688378
329 0.00687601
330 0.00686825
331 0.0068605
332 0.00685276
333 0.00684502
334 0.0068373
335 0.00682958
336 0.00682187
337 0.00681417
338 0.00680648
339 0.0067988
340 0.00679113
341 0.00678347
342 0.00677581
343 0.00676816
344 0.00676053
345 0.0067529
346 0.00674528
347 0.00673766
348 0.00673006
349 0.00672247
350 0.00671488
351 0.0067073
352 0.00669973
353 0.00669217
354 0.00668462
355 0.00667707
356 0.00666954
357 0.00666201
358 0.00665449
359 0.00664698
360 0.00663948
361 0.00663199
362 0.00662451
363 0.00661703
364 0.00660956
365 0.0066021
366 0.00659465
367 0.00658721
368 0.00657978
369 0.00657235
370 0.00656493
371 0.00655752
372 0.00655012
373 0.00654273
374 0.00653535
375 0.00652797
376 0.00652061
377 0.00651325
378 0.0065059
379 0.00649856
380 0.00649122
381 0.0064839
382 0.00647658
383 0.00646927
384 0.00646197
385 0.00645468
386 0.00644739
387 0.00644012
388 0.00643285
389 0.00642559
390 0.00641834
391 0.00641109
392 0.00640386
393 0.00639663
394 0.00638941
395 0.0063822
396 0.006375
397 0.00636781
398 0.00636062
399 0.00635344
400 0.00634627
401 0.00633911
402 0.00633195
403 0.00632481
404 0.00631767
405 0.00631054
406 0.00630342
407 0.00629631
408 0.0062892
409 0.0062821
410 0.00627501
411 0.00626793
412 0.00626086
413 0.00625379
414 0.00624674
415 0.00623969
416 0.00623264
417 0.00622561
418 0.00621858
419 0.00621157
420 0.00620456
421 0.00619755
422 0.00619056
423 0.00618357
424 0.0061766
425 0.00616963
426 0.00616266
427 0.00615571
428 0.00614876
429 0.00614182
430 0.00613489
431 0.00612797
432 0.00612105
433 0.00611414
434 0.00610724
435 0.00610035
436 0.00609347
437 0.00608659
438 0.00607972
439 0.00607286
440 0.00606601
441 0.00605916
442 0.00605232
443 0.00604549
444 0.00603867
445 0.00603186
446 0.00602505
447 0.00601825
448 0.00601146
449 0.00600467
450 0.0059979
451 0.00599113
452 0.00598437
453 0.00597761
454 0.00597087
455 0.00596413
456 0.0059574
457 0.00595068
458 0.00594396
459 0.00593725
460 0.00593055
461 0.00592386
462 0.00591717
463 0.0059105
464 0.00590383
465 0.00589716
466 0.00589051
467 0.00588386
468 0.00587722
469 0.00587059
470 0.00586396
471 0.00585735
472 0.00585074
473 0.00584413
474 0.00583754
475 0.00583095
476 0.00582437
477 0.0058178
478 0.00581123
479 0.00580467
480 0.00579812
481 0.00579158
482 0.00578504
483 0.00577851
484 0.00577199
485 0.00576548
486 0.00575897
487 0.00575247
488 0.00574598
489 0.0057395
490 0.00573302
491 0.00572655
492 0.00572009
493 0.00571363
494 0.00570718
495 0.00570074
496 0.00569431
497 0.00568788
498 0.00568146
499 0.00567505
500 0.00566865
501 0.00566225
502 0.00565586
503 0.00564948
504 0.0056431
505 0.00563673
506 0.00563037
507 0.00562402
508 0.00561767
509 0.00561133
510 0.005605
511 0.00559867
512 0.00559236
513 0.00558604
514 0.00557974
515 0.00557344
516 0.00556715
517 0.00556087
518 0.0055546
519 0.00554833
520 0.00554207
521 0.00553581
522 0.00552956
523 0.00552332
524 0.00551709
525 0.00551086
526 0.00550464
527 0.00549843
528 0.00549223
529 0.00548603
530 0.00547984
531 0.00547365
532 0.00546748
533 0.00546131
534 0.00545514
535 0.00544899
536 0.00544284
537 0.0054367
538 0.00543056
539 0.00542443
540 0.00541831
541 0.00541219
542 0.00540609
543 0.00539999
544 0.00539389
545 0.0053878
546 0.00538172
547 0.00537565
548 0.00536958
549 0.00536352
550 0.00535747
551 0.00535143
552 0.00534539
553 0.00533935
554 0.00533333
555 0.00532731
556 0.0053213
557 0.00531529
558 0.00530929
559 0.0053033
560 0.00529732
561 0.00529134
562 0.00528537
563 0.0052794
564 0.00527345
565 0.00526749
566 0.00526155
567 0.00525561
568 0.00524968
569 0.00524376
570 0.00523784
571 0.00523193
572 0.00522602
573 0.00522013
574 0.00521423
575 0.00520835
576 0.00520247
577 0.0051966
578 0.00519074
579 0.00518488
580 0.00517903
581 0.00517318
582 0.00516734
583 0.00516151
584 0.00515569
585 0.00514987
586 0.00514406
587 0.00513825
588 0.00513245
589 0.00512666
590 0.00512088
591 0.0051151
592 0.00510932
593 0.00510356
594 0.0050978
595 0.00509205
596 0.0050863
597 0.00508056
598 0.00507483
599 0.0050691
600 0.00506338
601 0.00505766
602 0.00505196
603 0.00504625
604 0.00504056
605 0.00503487
606 0.00502919
607 0.00502351
608 0.00501784
609 0.00501218
610 0.00500653
611 0.00500088
612 0.00499523
613 0.00498959
614 0.00498396
615 0.00497834
616 0.00497272
617 0.00496711
618 0.0049615
619 0.0049559
620 0.00495031
621 0.00494472
622 0.00493914
623 0.00493357
624 0.004928
625 0.00492244
626 0.00491689
627 0.00491134
628 0.00490579
629 0.00490026
630 0.00489473
631 0.0048892
632 0.00488369
633 0.00487818
634 0.00487267
635 0.00486717
636 0.00486168
637 0.00485619
638 0.00485071
639 0.00484524
640 0.00483977
641 0.00483431
642 0.00482885
643 0.0048234
644 0.00481796
645 0.00481252
646 0.00480709
647 0.00480167
648 0.00479625
649 0.00479083
650 0.00478543
651 0.00478003
652 0.00477463
653 0.00476924
654 0.00476386
655 0.00475849
656 0.00475312
657 0.00474775
658 0.00474239
659 0.00473704
660 0.0047317
661 0.00472636
662 0.00472102
663 0.00471569
664 0.00471037
665 0.00470506
666 0.00469975
667 0.00469444
668 0.00468915
669 0.00468385
670 0.00467857
671 0.00467329
672 0.00466801
673 0.00466275
674 0.00465748
675 0.00465223
676 0.00464698
677 0.00464173
678 0.0046365
679 0.00463126
680 0.00462604
681 0.00462082
682 0.0046156
683 0.00461039
684 0.00460519
685 0.00459999
686 0.0045948
687 0.00458962
688 0.00458444
689 0.00457926
690 0.00457409
691 0.00456893
692 0.00456378
693 0.00455863
694 0.00455348
695 0.00454834
696 0.00454321
697 0.00453808
698 0.00453296
699 0.00452785
700 0.00452274
701 0.00451763
702 0.00451253
703 0.00450744
704 0.00450235
705 0.00449727
706 0.0044922
707 0.00448713
708 0.00448206
709 0.00447701
710 0.00447195
711 0.00446691
712 0.00446187
713 0.00445683
714 0.0044518
715 0.00444678
716 0.00444176
717 0.00443675
718 0.00443174
719 0.00442674
720 0.00442174
721 0.00441675
722 0.00441177
723 0.00440679
724 0.00440182
725 0.00439685
726 0.00439189
727 0.00438693
728 0.00438198
729 0.00437703
730 0.00437209
731 0.00436716
732 0.00436223
733 0.00435731
734 0.00435239
735 0.00434748
736 0.00434257
737 0.00433767
738 0.00433278
739 0.00432789
740 0.004323
741 0.00431812
742 0.00431325
743 0.00430838
744 0.00430352
745 0.00429867
746 0.00429381
747 0.00428897
748 0.00428413
749 0.00427929
750 0.00427446
751 0.00426964
752 0.00426482
753 0.00426001
754 0.0042552
755 0.0042504
756 0.0042456
757 0.00424081
758 0.00423603
759 0.00423124
760 0.00422647
761 0.0042217
762 0.00421694
763 0.00421218
764 0.00420742
765 0.00420267
766 0.00419793
767 0.00419319
768 0.00418846
769 0.00418374
770 0.00417901
771 0.0041743
772 0.00416959
773 0.00416488
774 0.00416018
775 0.00415549
776 0.0041508
777 0.00414611
778 0.00414143
779 0.00413676
780 0.00413209
781 0.00412743
782 0.00412277
783 0.00411812
784 0.00411347
785 0.00410883
786 0.00410419
787 0.00409956
788 0.00409493
789 0.00409031
790 0.0040857
791 0.00408108
792 0.00407648
793 0.00407188
794 0.00406728
795 0.00406269
796 0.00405811
797 0.00405353
798 0.00404895
799 0.00404438
800 0.00403982
801 0.00403526
802 0.00403071
803 0.00402616
804 0.00402162
805 0.00401708
806 0.00401254
807 0.00400802
808 0.00400349
809 0.00399897
810 0.00399446
811 0.00398995
812 0.00398545
813 0.00398095
814 0.00397646
815 0.00397197
816 0.00396749
817 0.00396301
818 0.00395854
819 0.00395407
820 0.00394961
821 0.00394515
822 0.0039407
823 0.00393625
824 0.00393181
825 0.00392737
826 0.00392294
827 0.00391852
828 0.00391409
829 0.00390968
830 0.00390526
831 0.00390086
832 0.00389645
833 0.00389206
834 0.00388766
835 0.00388328
836 0.00387889
837 0.00387452
838 0.00387014
839 0.00386578
840 0.00386141
841 0.00385706
842 0.0038527
843 0.00384836
844 0.00384401
845 0.00383968
846 0.00383534
847 0.00383101
848 0.00382669
849 0.00382237
850 0.00381806
851 0.00381375
852 0.00380945
853 0.00380515
854 0.00380085
855 0.00379656
856 0.00379228
857 0.003788
858 0.00378372
859 0.00377945
860 0.00377519
861 0.00377093
862 0.00376667
863 0.00376242
864 0.00375818
865 0.00375393
866 0.0037497
867 0.00374547
868 0.00374124
869 0.00373702
870 0.0037328
871 0.00372859
872 0.00372438
873 0.00372018
874 0.00371598
875 0.00371178
876 0.0037076
877 0.00370341
878 0.00369923
879 0.00369506
880 0.00369089
881 0.00368672
882 0.00368256
883 0.00367841
884 0.00367425
885 0.00367011
886 0.00366597
887 0.00366183
888 0.0036577
889 0.00365357
890 0.00364945
891 0.00364533
892 0.00364121
893 0.0036371
894 0.003633
895 0.0036289
896 0.0036248
897 0.00362071
898 0.00361663
899 0.00361255
900 0.00360847
901 0.0036044
902 0.00360033
903 0.00359627
904 0.00359221
905 0.00358815
906 0.0035841
907 0.00358006
908 0.00357602
909 0.00357198
910 0.00356795
911 0.00356393
912 0.0035599
913 0.00355589
914 0.00355187
915 0.00354787
916 0.00354386
917 0.00353986
918 0.00353587
919 0.00353188
920 0.00352789
921 0.00352391
922 0.00351993
923 0.00351596
924 0.00351199
925 0.00350803
926 0.00350407
927 0.00350012
928 0.00349617
929 0.00349222
930 0.00348828
931 0.00348434
932 0.00348041
933 0.00347648
934 0.00347256
935 0.00346864
936 0.00346473
937 0.00346082
938 0.00345691
939 0.00345301
940 0.00344911
941 0.00344522
942 0.00344133
943 0.00343745
944 0.00343357
945 0.00342969
946 0.00342582
947 0.00342196
948 0.0034181
949 0.00341424
950 0.00341038
951 0.00340654
952 0.00340269
953 0.00339885
954 0.00339502
955 0.00339118
956 0.00338736
957 0.00338353
958 0.00337972
959 0.0033759
960 0.00337209
961 0.00336829
962 0.00336449
963 0.00336069
964 0.0033569
965 0.00335311
966 0.00334932
967 0.00334554
968 0.00334177
969 0.003338
970 0.00333423
971 0.00333047
972 0.00332671
973 0.00332295
974 0.0033192
975 0.00331546
976 0.00331172
977 0.00330798
978 0.00330425
979 0.00330052
980 0.00329679
981 0.00329307
982 0.00328936
983 0.00328564
984 0.00328194
985 0.00327823
986 0.00327453
987 0.00327084
988 0.00326715
989 0.00326346
990 0.00325978
991 0.0032561
992 0.00325242
993 0.00324875
994 0.00324509
995 0.00324142
996 0.00323777
997 0.00323411
998 0.00323046
999 0.00322682
1000 0.00322317
1001 0.00321954
1002 0.0032159
1003 0.00321227
1004 0.00320865
1005 0.00320503
1006 0.00320141
1007 0.0031978
1008 0.00319419
1009 0.00319059
1010 0.00318698
1011 0.00318339
1012 0.0031798
1013 0.00317621
1014 0.00317262
1015 0.00316904
1016 0.00316547
1017 0.00316189
1018 0.00315832
1019 0.00315476
1020 0.0031512
1021 0.00314764
1022 0.00314409
1023 0.00314054
1024 0.003137
1025 0.00313346
1026 0.00312992
1027 0.00312639
1028 0.00312286
1029 0.00311934
1030 0.00311582
1031 0.0031123
1032 0.00310879
1033 0.00310528
1034 0.00310178
1035 0.00309828
1036 0.00309478
1037 0.00309129
1038 0.0030878
1039 0.00308431
1040 0.00308083
1041 0.00307736
1042 0.00307388
1043 0.00307041
1044 0.00306695
1045 0.00306349
1046 0.00306003
1047 0.00305658
1048 0.00305313
1049 0.00304968
1050 0.00304624
1051 0.0030428
1052 0.00303937
1053 0.00303594
1054 0.00303251
1055 0.00302909
1056 0.00302567
1057 0.00302226
1058 0.00301885
1059 0.00301544
1060 0.00301204
1061 0.00300864
1062 0.00300524
1063 0.00300185
1064 0.00299846
1065 0.00299508
1066 0.0029917
1067 0.00298832
1068 0.00298495
1069 0.00298158
1070 0.00297822
1071 0.00297486
1072 0.0029715
1073 0.00296815
1074 0.0029648
1075 0.00296145
1076 0.00295811
1077 0.00295477
1078 0.00295144
1079 0.0029481
1080 0.00294478
1081 0.00294145
1082 0.00293814
1083 0.00293482
1084 0.00293151
1085 0.0029282
1086 0.00292489
1087 0.00292159
1088 0.0029183
1089 0.002915
1090 0.00291171
1091 0.00290843
1092 0.00290515
1093 0.00290187
1094 0.00289859
1095 0.00289532
1096 0.00289205
1097 0.00288879
1098 0.00288553
1099 0.00288227
1100 0.00287902
1101 0.00287577
1102 0.00287253
1103 0.00286928
1104 0.00286605
1105 0.00286281
1106 0.00285958
1107 0.00285635
1108 0.00285313
1109 0.00284991
1110 0.00284669
1111 0.00284348
1112 0.00284027
1113 0.00283707
1114 0.00283387
1115 0.00283067
1116 0.00282747
1117 0.00282428
1118 0.00282109
1119 0.00281791
1120 0.00281473
1121 0.00281155
1122 0.00280838
1123 0.00280521
1124 0.00280205
1125 0.00279888
1126 0.00279573
1127 0.00279257
1128 0.00278942
1129 0.00278627
1130 0.00278313
1131 0.00277999
1132 0.00277685
1133 0.00277371
1134 0.00277058
1135 0.00276746
1136 0.00276433
1137 0.00276122
1138 0.0027581
1139 0.00275499
1140 0.00275188
1141 0.00274877
1142 0.00274567
1143 0.00274257
1144 0.00273948
1145 0.00273638
1146 0.0027333
1147 0.00273021
1148 0.00272713
1149 0.00272405
1150 0.00272098
1151 0.00271791
1152 0.00271484
1153 0.00271178
1154 0.00270872
1155 0.00270566
1156 0.00270261
1157 0.00269956
1158 0.00269651
1159 0.00269347
1160 0.00269043
1161 0.00268739
1162 0.00268436
1163 0.00268133
1164 0.0026783
1165 0.00267528
1166 0.00267226
1167 0.00266925
1168 0.00266623
1169 0.00266322
1170 0.00266022
1171 0.00265722
1172 0.00265422
1173 0.00265122
1174 0.00264823
1175 0.00264524
1176 0.00264226
1177 0.00263927
1178 0.0026363
1179 0.00263332
1180 0.00263035
1181 0.00262738
1182 0.00262442
1183 0.00262145
1184 0.0026185
1185 0.00261554
1186 0.00261259
1187 0.00260964
1188 0.0026067
1189 0.00260375
1190 0.00260082
1191 0.00259788
1192 0.00259495
1193 0.00259202
1194 0.00258909
1195 0.00258617
1196 0.00258325
1197 0.00258034
1198 0.00257743
1199 0.00257452
1200 0.00257161
1201 0.00256871
1202 0.00256581
1203 0.00256292
1204 0.00256002
1205 0.00255713
1206 0.00255425
1207 0.00255137
1208 0.00254849
1209 0.00254561
1210 0.00254274
1211 0.00253987
1212 0.002537
1213 0.00253414
1214 0.00253128
1215 0.00252842
1216 0.00252557
1217 0.00252272
1218 0.00251987
1219 0.00251703
1220 0.00251419
1221 0.00251135
1222 0.00250852
1223 0.00250569
1224 0.00250286
1225 0.00250003
1226 0.00249721
1227 0.00249439
1228 0.00249158
1229 0.00248877
1230 0.00248596
1231 0.00248315
1232 0.00248035
1233 0.00247755
1234 0.00247476
1235 0.00247196
1236 0.00246917
1237 0.00246639
1238 0.0024636
1239 0.00246082
1240 0.00245805
1241 0.00245527
1242 0.0024525
1243 0.00244973
1244 0.00244697
1245 0.00244421
1246 0.00244145
1247 0.00243869
1248 0.00243594
1249 0.00243319
1250 0.00243045
1251 0.0024277
1252 0.00242496
1253 0.00242223
1254 0.00241949
1255 0.00241676
1256 0.00241404
1257 0.00241131
1258 0.00240859
1259 0.00240587
1260 0.00240316
1261 0.00240044
1262 0.00239774
1263 0.00239503
1264 0.00239233
1265 0.00238963
1266 0.00238693
1267 0.00238424
1268 0.00238155
1269 0.00237886
1270 0.00237617
1271 0.00237349
1272 0.00237081
1273 0.00236814
1274 0.00236547
1275 0.0023628
1276 0.00236013
1277 0.00235747
1278 0.00235481
1279 0.00235215
1280 0.00234949
1281 0.00234684
1282 0.00234419
1283 0.00234155
1284 0.00233891
1285 0.00233627
1286 0.00233363
1287 0.002331
1288 0.00232837
1289 0.00232574
1290 0.00232311
1291 0.00232049
1292 0.00231787
1293 0.00231526
1294 0.00231264
1295 0.00231003
1296 0.00230743
1297 0.00230482
1298 0.00230222
1299 0.00229962
1300 0.00229703
1301 0.00229444
1302 0.00229185
1303 0.00228926
1304 0.00228668
1305 0.0022841
1306 0.00228152
1307 0.00227894
1308 0.00227637
1309 0.0022738
1310 0.00227124
1311 0.00226867
1312 0.00226611
1313 0.00226356
1314 0.002261
1315 0.00225845
1316 0.0022559
1317 0.00225336
1318 0.00225081
1319 0.00224827
1320 0.00224574
1321 0.0022432
1322 0.00224067
1323 0.00223814
1324 0.00223562
1325 0.00223309
1326 0.00223057
1327 0.00222805
1328 0.00222554
1329 0.00222303
1330 0.00222052
1331 0.00221801
1332 0.00221551
1333 0.00221301
1334 0.00221051
1335 0.00220802
1336 0.00220553
1337 0.00220304
1338 0.00220055
1339 0.00219807
1340 0.00219559
1341 0.00219311
1342 0.00219064
1343 0.00218816
1344 0.00218569
1345 0.00218323
1346 0.00218076
1347 0.0021783
1348 0.00217584
1349 0.00217339
1350 0.00217094
1351 0.00216849
1352 0.00216604
1353 0.00216359
1354 0.00216115
1355 0.00215871
1356 0.00215628
1357 0.00215384
1358 0.00215141
1359 0.00214898
1360 0.00214656
1361 0.00214414
1362 0.00214172
1363 0.0021393
1364 0.00213689
1365 0.00213447
1366 0.00213207
1367 0.00212966
1368 0.00212726
1369 0.00212486
1370 0.00212246
1371 0.00212006
1372 0.00211767
1373 0.00211528
1374 0.00211289
1375 0.00211051
1376 0.00210813
1377 0.00210575
1378 0.00210337
1379 0.002101
1380 0.00209863
1381 0.00209626
1382 0.00209389
1383 0.00209153
1384 0.00208917
1385 0.00208681
1386 0.00208446
1387 0.0020821
1388 0.00207975
1389 0.00207741
1390 0.00207506
1391 0.00207272
1392 0.00207038
1393 0.00206805
1394 0.00206571
1395 0.00206338
1396 0.00206105
1397 0.00205873
1398 0.0020564
1399 0.00205408
1400 0.00205176
1401 0.00204945
1402 0.00204714
1403 0.00204483
1404 0.00204252
1405 0.00204021
1406 0.00203791
1407 0.00203561
1408 0.00203331
1409 0.00203102
1410 0.00202873
1411 0.00202644
1412 0.00202415
1413 0.00202187
1414 0.00201958
1415 0.0020173
1416 0.00201503
1417 0.00201275
1418 0.00201048
1419 0.00200821
1420 0.00200595
1421 0.00200368
1422 0.00200142
1423 0.00199916
1424 0.00199691
1425 0.00199465
1426 0.0019924
1427 0.00199015
1428 0.00198791
1429 0.00198567
1430 0.00198342
1431 0.00198119
1432 0.00197895
1433 0.00197672
1434 0.00197449
1435 0.00197226
1436 0.00197003
1437 0.00196781
1438 0.00196559
1439 0.00196337
1440 0.00196115
1441 0.00195894
1442 0.00195673
1443 0.00195452
1444 0.00195232
1445 0.00195011
1446 0.00194791
1447 0.00194571
1448 0.00194352
1449 0.00194132
1450 0.00193913
1451 0.00193695
1452 0.00193476
1453 0.00193258
1454 0.0019304
1455 0.00192822
1456 0.00192604
1457 0.00192387
1458 0.0019217
1459 0.00191953
1460 0.00191736
1461 0.0019152
1462 0.00191304
1463 0.00191088
1464 0.00190872
1465 0.00190657
1466 0.00190441
1467 0.00190227
1468 0.00190012
1469 0.00189797
1470 0.00189583
1471 0.00189369
1472 0.00189156
1473 0.00188942
1474 0.00188729
1475 0.00188516
1476 0.00188303
1477 0.00188091
1478 0.00187878
1479 0.00187666
1480 0.00187455
1481 0.00187243
1482 0.00187032
1483 0.00186821
1484 0.0018661
1485 0.00186399
1486 0.00186189
1487 0.00185979
1488 0.00185769
1489 0.00185559
1490 0.0018535
1491 0.00185141
1492 0.00184932
1493 0.00184723
1494 0.00184515
1495 0.00184306
1496 0.00184098
1497 0.00183891
1498 0.00183683
1499 0.00183476
1500 0.00183269
1501 0.00183062
1502 0.00182855
1503 0.00182649
1504 0.00182443
1505 0.00182237
1506 0.00182031
1507 0.00181826
1508 0.00181621
1509 0.00181416
1510 0.00181211
1511 0.00181006
1512 0.00180802
1513 0.00180598
1514 0.00180394
1515 0.00180191
1516 0.00179987
1517 0.00179784
1518 0.00179581
1519 0.00179379
1520 0.00179176
1521 0.00178974
1522 0.00178772
1523 0.0017857
1524 0.00178369
1525 0.00178167
1526 0.00177966
1527 0.00177766
1528 0.00177565
1529 0.00177365
1530 0.00177164
1531 0.00176964
1532 0.00176765
1533 0.00176565
1534 0.00176366
1535 0.00176167
1536 0.00175968
1537 0.0017577
1538 0.00175571
1539 0.00175373
1540 0.00175175
1541 0.00174977
1542 0.0017478
1543 0.00174583
1544 0.00174386
1545 0.00174189
1546 0.00173992
1547 0.00173796
1548 0.001736
1549 0.00173404
1550 0.00173208
1551 0.00173013
1552 0.00172818
1553 0.00172623
1554 0.00172428
1555 0.00172233
1556 0.00172039
1557 0.00171845
1558 0.00171651
1559 0.00171457
1560 0.00171263
1561 0.0017107
1562 0.00170877
1563 0.00170684
1564 0.00170492
1565 0.00170299
1566 0.00170107
1567 0.00169915
1568 0.00169723
1569 0.00169532
1570 0.0016934
1571 0.00169149
1572 0.00168958
1573 0.00168768
1574 0.00168577
1575 0.00168387
1576 0.00168197
1577 0.00168007
1578 0.00167818
1579 0.00167628
1580 0.00167439
1581 0.0016725
1582 0.00167061
1583 0.00166873
1584 0.00166685
1585 0.00166496
1586 0.00166309
1587 0.00166121
1588 0.00165933
1589 0.00165746
1590 0.00165559
1591 0.00165372
1592 0.00165186
1593 0.00164999
1594 0.00164813
1595 0.00164627
1596 0.00164441
1597 0.00164256
1598 0.0016407
1599 0.00163885
1600 0.001637
1601 0.00163515
1602 0.00163331
1603 0.00163147
1604 0.00162962
1605 0.00162779
1606 0.00162595
1607 0.00162411
1608 0.00162228
1609 0.00162045
1610 0.00161862
1611 0.00161679
1612 0.00161497
1613 0.00161315
1614 0.00161133
1615 0.00160951
1616 0.00160769
1617 0.00160588
1618 0.00160407
1619 0.00160226
1620 0.00160045
1621 0.00159864
1622 0.00159684
1623 0.00159503
1624 0.00159323
1625 0.00159144
1626 0.00158964
1627 0.00158785
1628 0.00158605
1629 0.00158426
1630 0.00158248
1631 0.00158069
1632 0.00157891
1633 0.00157713
1634 0.00157535
1635 0.00157357
1636 0.00157179
1637 0.00157002
1638 0.00156825
1639 0.00156648
1640 0.00156471
1641 0.00156294
1642 0.00156118
1643 0.00155942
1644 0.00155766
1645 0.0015559
1646 0.00155414
1647 0.00155239
1648 0.00155064
1649 0.00154889
1650 0.00154714
1651 0.00154539
1652 0.00154365
1653 0.00154191
1654 0.00154017
1655 0.00153843
1656 0.00153669
1657 0.00153496
1658 0.00153323
1659 0.0015315
1660 0.00152977
1661 0.00152804
1662 0.00152632
1663 0.00152459
1664 0.00152287
1665 0.00152116
1666 0.00151944
1667 0.00151772
1668 0.00151601
1669 0.0015143
1670 0.00151259
1671 0.00151088
1672 0.00150918
1673 0.00150748
1674 0.00150578
1675 0.00150408
1676 0.00150238
1677 0.00150068
1678 0.00149899
1679 0.0014973
1680 0.00149561
1681 0.00149392
1682 0.00149223
1683 0.00149055
1684 0.00148887
1685 0.00148719
1686 0.00148551
1687 0.00148383
1688 0.00148216
1689 0.00148049
1690 0.00147882
1691 0.00147715
1692 0.00147548
1693 0.00147381
1694 0.00147215
1695 0.00147049
1696 0.00146883
1697 0.00146717
1698 0.00146552
1699 0.00146386
1700 0.00146221
1701 0.00146056
1702 0.00145891
1703 0.00145727
1704 0.00145562
1705 0.00145398
1706 0.00145234
1707 0.0014507
1708 0.00144906
1709 0.00144743
1710 0.00144579
1711 0.00144416
1712 0.00144253
1713 0.0014409
1714 0.00143928
1715 0.00143765
1716 0.00143603
1717 0.00143441
1718 0.00143279
1719 0.00143117
1720 0.00142956
1721 0.00142795
1722 0.00142633
1723 0.00142472
1724 0.00142312
1725 0.00142151
1726 0.00141991
1727 0.0014183
1728 0.0014167
1729 0.0014151
1730 0.00141351
1731 0.00141191
1732 0.00141032
1733 0.00140873
1734 0.00140714
1735 0.00140555
1736 0.00140396
1737 0.00140238
1738 0.0014008
1739 0.00139922
1740 0.00139764
1741 0.00139606
1742 0.00139448
1743 0.00139291
1744 0.00139134
1745 0.00138977
1746 0.0013882
1747 0.00138663
1748 0.00138507
1749 0.00138351
1750 0.00138194
1751 0.00138038
1752 0.00137883
1753 0.00137727
1754 0.00137572
1755 0.00137416
1756 0.00137261
1757 0.00137106
1758 0.00136952
1759 0.00136797
1760 0.00136643
1761 0.00136489
1762 0.00136334
1763 0.00136181
1764 0.00136027
1765 0.00135873
1766 0.0013572
1767 0.00135567
1768 0.00135414
1769 0.00135261
1770 0.00135108
1771 0.00134956
1772 0.00134804
1773 0.00134652
1774 0.001345
1775 0.00134348
1776 0.00134196
1777 0.00134045
1778 0.00133893
1779 0.00133742
1780 0.00133591
1781 0.00133441
1782 0.0013329
1783 0.0013314
1784 0.00132989
1785 0.00132839
1786 0.00132689
1787 0.0013254
1788 0.0013239
1789 0.00132241
1790 0.00132091
1791 0.00131942
1792 0.00131793
1793 0.00131645
1794 0.00131496
1795 0.00131348
1796 0.001312
1797 0.00131052
1798 0.00130904
1799 0.00130756
1800 0.00130608
1801 0.00130461
1802 0.00130314
1803 0.00130167
1804 0.0013002
1805 0.00129873
1806 0.00129726
1807 0.0012958
1808 0.00129434
1809 0.00129288
1810 0.00129142
1811 0.00128996
1812 0.00128851
1813 0.00128705
1814 0.0012856
1815 0.00128415
1816 0.0012827
1817 0.00128125
1818 0.0012798
1819 0.00127836
1820 0.00127692
1821 0.00127548
1822 0.00127404
1823 0.0012726
1824 0.00127116
1825 0.00126973
1826 0.0012683
1827 0.00126686
1828 0.00126544
1829 0.00126401
1830 0.00126258
1831 0.00126116
1832 0.00125973
1833 0.00125831
1834 0.00125689
1835 0.00125547
1836 0.00125406
1837 0.00125264
1838 0.00125123
1839 0.00124981
1840 0.0012484
1841 0.001247
1842 0.00124559
1843 0.00124418
1844 0.00124278
1845 0.00124138
1846 0.00123997
1847 0.00123858
1848 0.00123718
1849 0.00123578
1850 0.00123439
1851 0.00123299
1852 0.0012316
1853 0.00123021
1854 0.00122882
1855 0.00122744
1856 0.00122605
1857 0.00122467
1858 0.00122329
1859 0.00122191
1860 0.00122053
1861 0.00121915
1862 0.00121777
1863 0.0012164
1864 0.00121503
1865 0.00121366
1866 0.00121229
1867 0.00121092
1868 0.00120955
1869 0.00120819
1870 0.00120682
1871 0.00120546
1872 0.0012041
1873 0.00120274
1874 0.00120138
1875 0.00120003
1876 0.00119867
1877 0.00119732
1878 0.00119597
1879 0.00119462
1880 0.00119327
1881 0.00119193
1882 0.00119058
1883 0.00118924
1884 0.00118789
1885 0.00118655
1886 0.00118522
1887 0.00118388
1888 0.00118254
1889 0.00118121
1890 0.00117987
1891 0.00117854
1892 0.00117721
1893 0.00117588
1894 0.00117456
1895 0.00117323
1896 0.00117191
1897 0.00117058
1898 0.00116926
1899 0.00116794
1900 0.00116663
1901 0.00116531
1902 0.00116399
1903 0.00116268
1904 0.00116137
1905 0.00116006
1906 0.00115875
1907 0.00115744
1908 0.00115614
1909 0.00115483
1910 0.00115353
1911 0.00115223
1912 0.00115092
1913 0.00114963
1914 0.00114833
1915 0.00114703
1916 0.00114574
1917 0.00114445
1918 0.00114315
1919 0.00114186
1920 0.00114058
1921 0.00113929
1922 0.001138
1923 0.00113672
1924 0.00113544
1925 0.00113415
1926 0.00113287
1927 0.0011316
1928 0.00113032
1929 0.00112904
1930 0.00112777
1931 0.0011265
1932 0.00112522
1933 0.00112395
1934 0.00112269
1935 0.00112142
1936 0.00112015
1937 0.00111889
1938 0.00111763
1939 0.00111637
1940 0.00111511
1941 0.00111385
1942 0.00111259
1943 0.00111133
1944 0.00111008
1945 0.00110883
1946 0.00110758
1947 0.00110633
1948 0.00110508
1949 0.00110383
1950 0.00110259
1951 0.00110134
1952 0.0011001
1953 0.00109886
1954 0.00109762
1955 0.00109638
1956 0.00109514
1957 0.0010939
1958 0.00109267
1959 0.00109144
1960 0.00109021
1961 0.00108897
1962 0.00108775
1963 0.00108652
1964 0.00108529
1965 0.00108407
1966 0.00108284
1967 0.00108162
1968 0.0010804
1969 0.00107918
1970 0.00107796
1971 0.00107675
1972 0.00107553
1973 0.00107432
1974 0.00107311
1975 0.0010719
1976 0.00107069
1977 0.00106948
1978 0.00106827
1979 0.00106706
1980 0.00106586
1981 0.00106466
1982 0.00106346
1983 0.00106226
1984 0.00106106
1985 0.00105986
1986 0.00105866
1987 0.00105747
1988 0.00105628
1989 0.00105508
1990 0.00105389
1991 0.0010527
1992 0.00105152
1993 0.00105033
1994 0.00104914
1995 0.00104796
1996 0.00104678
1997 0.0010456
1998 0.00104442
1999 0.00104324
