0 0.00998027
1 0.00995403
2 0.00988618
3 0.00978586
4 0.00966075
5 0.00951717
6 0.00936024
7 0.00919411
8 0.00902207
9 0.00884668
10 0.00866993
11 0.00849334
12 0.00831802
13 0.0081448
14 0.00797426
15 0.0078068
16 0.00764264
17 0.00748195
18 0.00732478
19 0.00717114
20 0.00702099
21 0.00687427
22 0.00673089
23 0.00659077
24 0.00645382
25 0.00631993
26 0.00618901
27 0.00606096
28 0.00593571
29 0.00581316
30 0.00569325
31 0.00557588
32 0.005461
33 0.00534854
34 0.00523844
35 0.00513064
36 0.00502507
37 0.0049217
38 0.00482047
39 0.00472134
40 0.00462424
41 0.00452915
42 0.00443602
43 0.00434481
44 0.00425547
45 0.00416797
46 0.00408227
47 0.00399833
48 0.00391612
49 0.0038356
50 0.00375673
51 0.00367948
52 0.00360382
53 0.00352972
54 0.00345714
55 0.00338605
56 0.00331642
57 0.00324823
58 0.00318144
59 0.00311602
60 0.00305194
61 0.00298918
62 0.00292772
63 0.00286751
64 0.00280855
65 0.00275079
66 0.00269423
67 0.00263883
68 0.00258456
69 0.00253142
70 0.00247936
71 0.00242838
72 0.00237844
73 0.00232953
74 0.00228163
75 0.00223471
76 0.00218876
77 0.00214375
78 0.00209967
79 0.00205649
80 0.0020142
81 0.00197279
82 0.00193222
83 0.00189249
84 0.00185357
85 0.00181545
86 0.00177812
87 0.00174156
88 0.00170575
89 0.00167067
90 0.00163632
91 0.00160267
92 0.00156971
93 0.00153743
94 0.00150582
95 0.00147485
96 0.00144453
97 0.00141482
98 0.00138573
99 0.00135723
100 0.00132932
101 0.00130199
102 0.00127521
103 0.00124899
104 0.00122331
105 0.00119815
106 0.00117352
107 0.00114938
108 0.00112575
109 0.0011026
110 0.00107993
111 0.00105772
112 0.00103597
113 0.00101467
114 0.000993801
115 0.000973365
116 0.00095335
117 0.000933746
118 0.000914545
119 0.000895739
120 0.000877319
121 0.000859279
122 0.000841609
123 0.000824303
124 0.000807352
125 0.00079075
126 0.00077449
127 0.000758564
128 0.000742965
129 0.000727687
130 0.000712724
131 0.000698068
132 0.000683713
133 0.000669654
134 0.000655883
135 0.000642396
136 0.000629186
137 0.000616248
138 0.000603576
139 0.000591165
140 0.000579008
141 0.000567102
142 0.00055544
143 0.000544019
144 0.000532832
145 0.000521875
146 0.000511144
147 0.000500633
148 0.000490338
149 0.000480255
150 0.000470379
151 0.000460707
152 0.000451233
153 0.000441954
154 0.000432866
155 0.000423965
156 0.000415247
157 0.000406708
158 0.000398345
159 0.000390154
160 0.000382131
161 0.000374273
162 0.000366576
163 0.000359038
164 0.000351655
165 0.000344424
166 0.000337342
167 0.000330405
168 0.000323611
169 0.000316956
170 0.000310438
171 0.000304055
172 0.000297802
173 0.000291679
174 0.000285681
175 0.000279806
176 0.000274052
177 0.000268417
178 0.000262897
179 0.000257491
180 0.000252196
181 0.00024701
182 0.000241931
183 0.000236956
184 0.000232084
185 0.000227311
186 0.000222637
187 0.000218059
188 0.000213575
189 0.000209183
190 0.000204881
191 0.000200668
192 0.000196542
193 0.0001925
194 0.000188542
195 0.000184665
196 0.000180868
197 0.000177148
198 0.000173506
199 0.000169938
200 0.000166443
201 0.000163021
202 0.000159668
203 0.000156385
204 0.000153169
205 0.00015002
206 0.000146935
207 0.000143913
208 0.000140954
209 0.000138055
210 0.000135216
211 0.000132436
212 0.000129713
213 0.000127045
214 0.000124433
215 0.000121874
216 0.000119368
217 0.000116913
218 0.000114509
219 0.000112155
220 0.000109848
221 0.000107589
222 0.000105377
223 0.00010321
224 0.000101088
225 9.90091e-05
226 9.69731e-05
227 9.4979e-05
228 9.30259e-05
229 9.1113e-05
230 8.92394e-05
231 8.74044e-05
232 8.5607e-05
233 8.38467e-05
234 8.21225e-05
235 8.04338e-05
236 7.87798e-05
237 7.71598e-05
238 7.55732e-05
239 7.40191e-05
240 7.2497e-05
241 7.10063e-05
242 6.95461e-05
243 6.8116e-05
244 6.67153e-05
245 6.53435e-05
246 6.39998e-05
247 6.26837e-05
248 6.13947e-05
249 6.01323e-05
250 5.88957e-05
251 5.76846e-05
252 5.64985e-05
253 5.53367e-05
254 5.41988e-05
255 5.30842e-05
256 5.19927e-05
257 5.09235e-05
258 4.98764e-05
259 4.88507e-05
260 4.78462e-05
261 4.68623e-05
262 4.58987e-05
263 4.49548e-05
264 4.40304e-05
265 4.3125e-05
266 4.22382e-05
267 4.13697e-05
268 4.0519e-05
269 3.96858e-05
270 3.88697e-05
271 3.80704e-05
272 3.72875e-05
273 3.65208e-05
274 3.57698e-05
275 3.50342e-05
276 3.43138e-05
277 3.36082e-05
278 3.29171e-05
279 3.22402e-05
280 3.15773e-05
281 3.09279e-05
282 3.02919e-05
283 2.9669e-05
284 2.9059e-05
285 2.84614e-05
286 2.78761e-05
287 2.73029e-05
288 2.67415e-05
289 2.61916e-05
290 2.5653e-05
291 2.51255e-05
292 2.46088e-05
293 2.41028e-05
294 2.36071e-05
295 2.31217e-05
296 2.26462e-05
297 2.21806e-05
298 2.17245e-05
299 2.12777e-05
300 2.08402e-05
301 2.04116e-05
302 1.99919e-05
303 1.95808e-05
304 1.91782e-05
305 1.87838e-05
306 1.83975e-05
307 1.80192e-05
308 1.76487e-05
309 1.72858e-05
310 1.69303e-05
311 1.65822e-05
312 1.62412e-05
313 1.59072e-05
314 1.55801e-05
315 1.52597e-05
316 1.49459e-05
317 1.46386e-05
318 1.43376e-05
319 1.40428e-05
320 1.3754e-05
321 1.34712e-05
322 1.31942e-05
323 1.29228e-05
324 1.26571e-05
325 1.23968e-05
326 1.21419e-05
327 1.18922e-05
328 1.16477e-05
329 1.14082e-05
330 1.11736e-05
331 1.09438e-05
332 1.07188e-05
333 1.04984e-05
334 1.02825e-05
335 1.0071e-05
336 9.86394e-06
337 9.6611e-06
338 9.46244e-06
339 9.26786e-06
340 9.07728e-06
341 8.89062e-06
342 8.7078e-06
343 8.52874e-06
344 8.35336e-06
345 8.18159e-06
346 8.01335e-06
347 7.84857e-06
348 7.68717e-06
349 7.5291e-06
350 7.37428e-06
351 7.22264e-06
352 7.07411e-06
353 6.92865e-06
354 6.78617e-06
355 6.64662e-06
356 6.50995e-06
357 6.37608e-06
358 6.24497e-06
359 6.11655e-06
360 5.99077e-06
361 5.86758e-06
362 5.74693e-06
363 5.62875e-06
364 5.513e-06
365 5.39964e-06
366 5.2886e-06
367 5.17985e-06
368 5.07334e-06
369 4.96901e-06
370 4.86683e-06
371 4.76676e-06
372 4.66873e-06
373 4.57273e-06
374 4.4787e-06
375 4.3866e-06
376 4.2964e-06
377 4.20805e-06
378 4.12152e-06
379 4.03677e-06
380 3.95376e-06
381 3.87246e-06
382 3.79282e-06
383 3.71483e-06
384 3.63844e-06
385 3.56362e-06
386 3.49034e-06
387 3.41857e-06
388 3.34827e-06
389 3.27942e-06
390 3.21199e-06
391 3.14594e-06
392 3.08125e-06
393 3.01788e-06
394 2.95583e-06
395 2.89505e-06
396 2.83551e-06
397 2.77721e-06
398 2.7201e-06
399 2.66416e-06
400 2.60938e-06
401 2.55572e-06
402 2.50317e-06
403 2.45169e-06
404 2.40128e-06
405 2.3519e-06
406 2.30354e-06
407 2.25617e-06
408 2.20977e-06
409 2.16433e-06
410 2.11983e-06
411 2.07624e-06
412 2.03354e-06
413 1.99173e-06
414 1.95077e-06
415 1.91066e-06
416 1.87137e-06
417 1.83288e-06
418 1.79519e-06
419 1.75828e-06
420 1.72212e-06
421 1.68671e-06
422 1.65203e-06
423 1.61806e-06
424 1.58478e-06
425 1.55219e-06
426 1.52028e-06
427 1.48901e-06
428 1.45839e-06
429 1.42841e-06
430 1.39903e-06
431 1.37026e-06
432 1.34209e-06
433 1.31449e-06
434 1.28746e-06
435 1.26098e-06
436 1.23505e-06
437 1.20966e-06
438 1.18478e-06
439 1.16042e-06
440 1.13656e-06
441 1.11319e-06
442 1.0903e-06
443 1.06788e-06
444 1.04592e-06
445 1.02441e-06
446 1.00334e-06
447 9.82711e-07
448 9.62503e-07
449 9.42711e-07
450 9.23326e-07
451 9.04339e-07
452 8.85743e-07
453 8.67529e-07
454 8.4969e-07
455 8.32217e-07
456 8.15104e-07
457 7.98343e-07
458 7.81926e-07
459 7.65847e-07
460 7.50099e-07
461 7.34674e-07
462 7.19567e-07
463 7.0477e-07
464 6.90278e-07
465 6.76083e-07
466 6.62181e-07
467 6.48564e-07
468 6.35228e-07
469 6.22165e-07
470 6.09371e-07
471 5.96841e-07
472 5.84568e-07
473 5.72547e-07
474 5.60773e-07
475 5.49242e-07
476 5.37948e-07
477 5.26886e-07
478 5.16051e-07
479 5.0544e-07
480 4.95046e-07
481 4.84866e-07
482 4.74896e-07
483 4.6513e-07
484 4.55566e-07
485 4.46198e-07
486 4.37022e-07
487 4.28036e-07
488 4.19234e-07
489 4.10613e-07
490 4.0217e-07
491 3.939e-07
492 3.858e-07
493 3.77866e-07
494 3.70096e-07
495 3.62486e-07
496 3.55032e-07
497 3.47731e-07
498 3.40581e-07
499 3.33577e-07
500 3.26718e-07
501 3.19999e-07
502 3.13419e-07
503 3.06974e-07
504 3.00662e-07
505 2.94479e-07
506 2.88424e-07
507 2.82493e-07
508 2.76684e-07
509 2.70994e-07
510 2.65422e-07
511 2.59964e-07
512 2.54618e-07
513 2.49382e-07
514 2.44254e-07
515 2.39231e-07
516 2.34312e-07
517 2.29494e-07
518 2.24775e-07
519 2.20152e-07
520 2.15625e-07
521 2.11191e-07
522 2.06849e-07
523 2.02595e-07
524 1.98429e-07
525 1.94349e-07
526 1.90352e-07
527 1.86438e-07
528 1.82604e-07
529 1.78849e-07
530 1.75171e-07
531 1.71569e-07
532 1.68041e-07
533 1.64586e-07
534 1.61201e-07
535 1.57887e-07
536 1.5464e-07
537 1.5146e-07
538 1.48345e-07
539 1.45295e-07
540 1.42307e-07
541 1.39381e-07
542 1.36515e-07
543 1.33708e-07
544 1.30958e-07
545 1.28265e-07
546 1.25628e-07
547 1.23044e-07
548 1.20514e-07
549 1.18036e-07
550 1.15609e-07
551 1.13231e-07
552 1.10903e-07
553 1.08622e-07
554 1.06389e-07
555 1.04201e-07
556 1.02058e-07
557 9.99597e-08
558 9.79042e-08
559 9.5891e-08
560 9.39191e-08
561 9.19878e-08
562 9.00963e-08
563 8.82436e-08
564 8.6429e-08
565 8.46517e-08
566 8.2911e-08
567 8.12061e-08
568 7.95362e-08
569 7.79007e-08
570 7.62988e-08
571 7.47298e-08
572 7.31931e-08
573 7.1688e-08
574 7.02139e-08
575 6.87701e-08
576 6.73559e-08
577 6.59708e-08
578 6.46143e-08
579 6.32856e-08
580 6.19842e-08
581 6.07096e-08
582 5.94612e-08
583 5.82385e-08
584 5.70409e-08
585 5.5868e-08
586 5.47191e-08
587 5.35939e-08
588 5.24919e-08
589 5.14125e-08
590 5.03552e-08
591 4.93198e-08
592 4.83056e-08
593 4.73123e-08
594 4.63394e-08
595 4.53865e-08
596 4.44532e-08
597 4.35391e-08
598 4.26438e-08
599 4.17669e-08
600 4.0908e-08
601 4.00668e-08
602 3.92429e-08
603 3.84359e-08
604 3.76456e-08
605 3.68714e-08
606 3.61132e-08
607 3.53706e-08
608 3.46433e-08
609 3.39309e-08
610 3.32332e-08
611 3.25498e-08
612 3.18805e-08
613 3.12249e-08
614 3.05828e-08
615 2.99539e-08
616 2.9338e-08
617 2.87347e-08
618 2.81438e-08
619 2.75651e-08
620 2.69982e-08
621 2.64431e-08
622 2.58993e-08
623 2.53667e-08
624 2.48451e-08
625 2.43342e-08
626 2.38338e-08
627 2.33437e-08
628 2.28637e-08
629 2.23935e-08
630 2.1933e-08
631 2.1482e-08
632 2.10403e-08
633 2.06076e-08
634 2.01839e-08
635 1.97688e-08
636 1.93623e-08
637 1.89642e-08
638 1.85742e-08
639 1.81922e-08
640 1.78181e-08
641 1.74517e-08
642 1.70929e-08
643 1.67414e-08
644 1.63971e-08
645 1.606e-08
646 1.57297e-08
647 1.54063e-08
648 1.50894e-08
649 1.47792e-08
650 1.44752e-08
651 1.41776e-08
652 1.38861e-08
653 1.36005e-08
654 1.33208e-08
655 1.30469e-08
656 1.27786e-08
657 1.25159e-08
658 1.22585e-08
659 1.20064e-08
660 1.17595e-08
661 1.15177e-08
662 1.12809e-08
663 1.10489e-08
664 1.08217e-08
665 1.05992e-08
666 1.03812e-08
667 1.01677e-08
668 9.95865e-09
669 9.75387e-09
670 9.55329e-09
671 9.35685e-09
672 9.16444e-09
673 8.97599e-09
674 8.79141e-09
675 8.61063e-09
676 8.43357e-09
677 8.26014e-09
678 8.09029e-09
679 7.92392e-09
680 7.76098e-09
681 7.60139e-09
682 7.44508e-09
683 7.29198e-09
684 7.14204e-09
685 6.99517e-09
686 6.85133e-09
687 6.71044e-09
688 6.57245e-09
689 6.4373e-09
690 6.30493e-09
691 6.17528e-09
692 6.04829e-09
693 5.92392e-09
694 5.80211e-09
695 5.6828e-09
696 5.56594e-09
697 5.45148e-09
698 5.33938e-09
699 5.22959e-09
700 5.12205e-09
701 5.01672e-09
702 4.91356e-09
703 4.81252e-09
704 4.71356e-09
705 4.61664e-09
706 4.5217e-09
707 4.42872e-09
708 4.33765e-09
709 4.24845e-09
710 4.16109e-09
711 4.07553e-09
712 3.99172e-09
713 3.90964e-09
714 3.82924e-09
715 3.7505e-09
716 3.67338e-09
717 3.59784e-09
718 3.52386e-09
719 3.45139e-09
720 3.38042e-09
721 3.31091e-09
722 3.24283e-09
723 3.17614e-09
724 3.11083e-09
725 3.04686e-09
726 2.98421e-09
727 2.92284e-09
728 2.86274e-09
729 2.80387e-09
730 2.74621e-09
731 2.68974e-09
732 2.63443e-09
733 2.58026e-09
734 2.5272e-09
735 2.47523e-09
736 2.42433e-09
737 2.37448e-09
738 2.32566e-09
739 2.27783e-09
740 2.23099e-09
741 2.18512e-09
742 2.14018e-09
743 2.09617e-09
744 2.05307e-09
745 2.01085e-09
746 1.9695e-09
747 1.929e-09
748 1.88933e-09
749 1.85048e-09
750 1.81243e-09
751 1.77516e-09
752 1.73866e-09
753 1.70291e-09
754 1.66789e-09
755 1.63359e-09
756 1.6e-09
757 1.5671e-09
758 1.53487e-09
759 1.50331e-09
760 1.4724e-09
761 1.44212e-09
762 1.41247e-09
763 1.38342e-09
764 1.35497e-09
765 1.32711e-09
766 1.29982e-09
767 1.27309e-09
768 1.24691e-09
769 1.22127e-09
770 1.19616e-09
771 1.17156e-09
772 1.14747e-09
773 1.12387e-09
774 1.10076e-09
775 1.07813e-09
776 1.05596e-09
777 1.03424e-09
778 1.01298e-09
779 9.92147e-10
780 9.71745e-10
781 9.51763e-10
782 9.32191e-10
783 9.13022e-10
784 8.94247e-10
785 8.75859e-10
786 8.57848e-10
787 8.40208e-10
788 8.2293e-10
789 8.06008e-10
790 7.89434e-10
791 7.73201e-10
792 7.57301e-10
793 7.41728e-10
794 7.26476e-10
795 7.11537e-10
796 6.96906e-10
797 6.82575e-10
798 6.68539e-10
799 6.54791e-10
800 6.41327e-10
801 6.28139e-10
802 6.15222e-10
803 6.02571e-10
804 5.9018e-10
805 5.78044e-10
806 5.66158e-10
807 5.54516e-10
808 5.43113e-10
809 5.31945e-10
810 5.21006e-10
811 5.10293e-10
812 4.99799e-10
813 4.89522e-10
814 4.79456e-10
815 4.69596e-10
816 4.5994e-10
817 4.50482e-10
818 4.41219e-10
819 4.32146e-10
820 4.23259e-10
821 4.14556e-10
822 4.06031e-10
823 3.97682e-10
824 3.89504e-10
825 3.81494e-10
826 3.7365e-10
827 3.65966e-10
828 3.58441e-10
829 3.5107e-10
830 3.43851e-10
831 3.3678e-10
832 3.29855e-10
833 3.23072e-10
834 3.16428e-10
835 3.09922e-10
836 3.03549e-10
837 2.97307e-10
838 2.91193e-10
839 2.85205e-10
840 2.7934e-10
841 2.73596e-10
842 2.6797e-10
843 2.6246e-10
844 2.57063e-10
845 2.51777e-10
846 2.46599e-10
847 2.41528e-10
848 2.36562e-10
849 2.31697e-10
850 2.26933e-10
851 2.22266e-10
852 2.17696e-10
853 2.13219e-10
854 2.08835e-10
855 2.0454e-10
856 2.00334e-10
857 1.96215e-10
858 1.9218e-10
859 1.88228e-10
860 1.84357e-10
861 1.80566e-10
862 1.76853e-10
863 1.73217e-10
864 1.69655e-10
865 1.66166e-10
866 1.62749e-10
867 1.59403e-10
868 1.56125e-10
869 1.52914e-10
870 1.4977e-10
871 1.4669e-10
872 1.43674e-10
873 1.40719e-10
874 1.37826e-10
875 1.34991e-10
876 1.32216e-10
877 1.29497e-10
878 1.26834e-10
879 1.24226e-10
880 1.21671e-10
881 1.19169e-10
882 1.16719e-10
883 1.14319e-10
884 1.11968e-10
885 1.09665e-10
886 1.0741e-10
887 1.05202e-10
888 1.03038e-10
889 1.0092e-10
890 9.88443e-11
891 9.68117e-11
892 9.48209e-11
893 9.28711e-11
894 9.09614e-11
895 8.90909e-11
896 8.72589e-11
897 8.54646e-11
898 8.37071e-11
899 8.19858e-11
900 8.02999e-11
901 7.86487e-11
902 7.70314e-11
903 7.54474e-11
904 7.38959e-11
905 7.23764e-11
906 7.08881e-11
907 6.94304e-11
908 6.80027e-11
909 6.66043e-11
910 6.52347e-11
911 6.38932e-11
912 6.25794e-11
913 6.12925e-11
914 6.00321e-11
915 5.87977e-11
916 5.75886e-11
917 5.64044e-11
918 5.52445e-11
919 5.41085e-11
920 5.29959e-11
921 5.19061e-11
922 5.08387e-11
923 4.97933e-11
924 4.87694e-11
925 4.77666e-11
926 4.67843e-11
927 4.58223e-11
928 4.488e-11
929 4.39572e-11
930 4.30532e-11
931 4.21679e-11
932 4.13008e-11
933 4.04515e-11
934 3.96197e-11
935 3.8805e-11
936 3.80071e-11
937 3.72255e-11
938 3.646e-11
939 3.57103e-11
940 3.4976e-11
941 3.42567e-11
942 3.35523e-11
943 3.28624e-11
944 3.21866e-11
945 3.15247e-11
946 3.08765e-11
947 3.02416e-11
948 2.96197e-11
949 2.90106e-11
950 2.84141e-11
951 2.78298e-11
952 2.72575e-11
953 2.6697e-11
954 2.6148e-11
955 2.56103e-11
956 2.50837e-11
957 2.45679e-11
958 2.40627e-11
959 2.35679e-11
960 2.30832e-11
961 2.26086e-11
962 2.21437e-11
963 2.16883e-11
964 2.12423e-11
965 2.08055e-11
966 2.03777e-11
967 1.99586e-11
968 1.95482e-11
969 1.91462e-11
970 1.87525e-11
971 1.83669e-11
972 1.79892e-11
973 1.76193e-11
974 1.7257e-11
975 1.69022e-11
976 1.65546e-11
977 1.62142e-11
978 1.58808e-11
979 1.55542e-11
980 1.52343e-11
981 1.49211e-11
982 1.46142e-11
983 1.43137e-11
984 1.40194e-11
985 1.37311e-11
986 1.34487e-11
987 1.31722e-11
988 1.29014e-11
989 1.26361e-11
990 1.23762e-11
991 1.21218e-11
992 1.18725e-11
993 1.16283e-11
994 1.13892e-11
995 1.1155e-11
996 1.09256e-11
997 1.0701e-11
998 1.04809e-11
999 1.02654e-11
1000 1.00543e-11
1001 9.84756e-12
1002 9.64507e-12
1003 9.44673e-12
1004 9.25245e-12
1005 9.0622e-12
1006 8.87586e-12
1007 8.69334e-12
1008 8.51457e-12
1009 8.33949e-12
1010 8.16801e-12
1011 8.00005e-12
1012 7.83553e-12
1013 7.6744e-12
1014 7.51659e-12
1015 7.36202e-12
1016 7.21063e-12
1017 7.06235e-12
1018 6.91713e-12
1019 6.77489e-12
1020 6.63557e-12
1021 6.49911e-12
1022 6.36548e-12
1023 6.23459e-12
1024 6.10638e-12
1025 5.98079e-12
1026 5.8578e-12
1027 5.73734e-12
1028 5.61935e-12
1029 5.5038e-12
1030 5.39061e-12
1031 5.27977e-12
1032 5.17119e-12
1033 5.06487e-12
1034 4.96072e-12
1035 4.8587e-12
1036 4.75878e-12
1037 4.66092e-12
1038 4.56508e-12
1039 4.47122e-12
1040 4.37927e-12
1041 4.28923e-12
1042 4.20104e-12
1043 4.11465e-12
1044 4.03003e-12
1045 3.94716e-12
1046 3.86601e-12
1047 3.78651e-12
1048 3.70864e-12
1049 3.63237e-12
1050 3.55767e-12
1051 3.48451e-12
1052 3.41285e-12
1053 3.34268e-12
1054 3.27395e-12
1055 3.20662e-12
1056 3.14068e-12
1057 3.07611e-12
1058 3.01284e-12
1059 2.95088e-12
1060 2.89021e-12
1061 2.83079e-12
1062 2.77259e-12
1063 2.71558e-12
1064 2.65972e-12
1065 2.60504e-12
1066 2.55146e-12
1067 2.49901e-12
1068 2.4476e-12
1069 2.39726e-12
1070 2.34796e-12
1071 2.29968e-12
1072 2.25239e-12
1073 2.20607e-12
1074 2.16072e-12
1075 2.1163e-12
1076 2.07278e-12
1077 2.03015e-12
1078 1.98841e-12
1079 1.94753e-12
1080 1.90748e-12
1081 1.86826e-12
1082 1.82985e-12
1083 1.79222e-12
1084 1.75536e-12
1085 1.71927e-12
1086 1.68392e-12
1087 1.6493e-12
1088 1.61539e-12
1089 1.58217e-12
1090 1.54964e-12
1091 1.51776e-12
1092 1.48656e-12
1093 1.45599e-12
1094 1.42605e-12
1095 1.39673e-12
1096 1.36801e-12
1097 1.33988e-12
1098 1.31231e-12
1099 1.28533e-12
1100 1.2589e-12
1101 1.23301e-12
1102 1.20765e-12
1103 1.18282e-12
1104 1.1585e-12
1105 1.13468e-12
1106 1.11133e-12
1107 1.08848e-12
1108 1.0661e-12
1109 1.04417e-12
1110 1.0227e-12
1111 1.00167e-12
1112 9.81069e-13
1113 9.60898e-13
1114 9.41143e-13
1115 9.21783e-13
1116 9.02833e-13
1117 8.84261e-13
1118 8.66071e-13
1119 8.48262e-13
1120 8.30832e-13
1121 8.13738e-13
1122 7.97008e-13
1123 7.80615e-13
1124 7.64552e-13
1125 7.48838e-13
1126 7.33441e-13
1127 7.18363e-13
1128 7.03607e-13
1129 6.89154e-13
1130 6.74967e-13
1131 6.61086e-13
1132 6.47482e-13
1133 6.34184e-13
1134 6.21135e-13
1135 6.08357e-13
1136 5.95853e-13
1137 5.83606e-13
1138 5.71598e-13
1139 5.59844e-13
1140 5.48325e-13
1141 5.3706e-13
1142 5.26031e-13
1143 5.15206e-13
1144 5.0461e-13
1145 4.94216e-13
1146 4.84068e-13
1147 4.74117e-13
1148 4.64358e-13
1149 4.54824e-13
1150 4.4548e-13
1151 4.36328e-13
1152 4.2736e-13
1153 4.18571e-13
1154 4.0995e-13
1155 4.01523e-13
1156 3.93255e-13
1157 3.85171e-13
1158 3.77243e-13
1159 3.69496e-13
1160 3.61898e-13
1161 3.54463e-13
1162 3.47181e-13
1163 3.40047e-13
1164 3.33063e-13
1165 3.26218e-13
1166 3.19508e-13
1167 3.12941e-13
1168 3.06505e-13
1169 3.00208e-13
1170 2.94036e-13
1171 2.87975e-13
1172 2.82063e-13
1173 2.76255e-13
1174 2.70572e-13
1175 2.6501e-13
1176 2.5956e-13
1177 2.54224e-13
1178 2.48992e-13
1179 2.43878e-13
1180 2.38851e-13
1181 2.33952e-13
1182 2.29143e-13
1183 2.24421e-13
1184 2.198e-13
1185 2.1529e-13
1186 2.10856e-13
1187 2.06512e-13
1188 2.02276e-13
1189 1.98119e-13
1190 1.94043e-13
1191 1.90053e-13
1192 1.86153e-13
1193 1.82326e-13
1194 1.7859e-13
1195 1.74926e-13
1196 1.71335e-13
1197 1.67817e-13
1198 1.64362e-13
1199 1.60982e-13
1200 1.57669e-13
1201 1.54429e-13
1202 1.51261e-13
1203 1.48152e-13
1204 1.45103e-13
1205 1.42122e-13
1206 1.39191e-13
1207 1.36332e-13
1208 1.33511e-13
1209 1.3077e-13
1210 1.28085e-13
1211 1.25448e-13
1212 1.22874e-13
1213 1.20355e-13
1214 1.17874e-13
1215 1.15456e-13
1216 1.13083e-13
1217 1.10766e-13
1218 1.08486e-13
1219 1.06241e-13
1220 1.04073e-13
1221 1.01929e-13
1222 9.98333e-14
1223 9.7776e-14
1224 9.57602e-14
1225 9.37792e-14
1226 9.18432e-14
1227 8.99558e-14
1228 8.81031e-14
1229 8.6306e-14
1230 8.45157e-14
1231 8.27775e-14
1232 8.10775e-14
1233 7.94087e-14
1234 7.77677e-14
1235 7.61613e-14
1236 7.45966e-14
1237 7.307e-14
1238 7.15816e-14
1239 7.01175e-14
1240 6.86708e-14
1241 6.72587e-14
1242 6.58779e-14
1243 6.45282e-14
1244 6.31994e-14
1245 6.1888e-14
1246 6.06355e-14
1247 5.93969e-14
1248 5.81757e-14
1249 5.69857e-14
1250 5.58095e-14
1251 5.46646e-14
1252 5.35197e-14
1253 5.24164e-14
1254 5.13443e-14
1255 5.03e-14
1256 4.92627e-14
1257 4.82392e-14
1258 4.72469e-14
1259 4.62651e-14
1260 4.53075e-14
1261 4.43881e-14
1262 4.34722e-14
1263 4.2584e-14
1264 4.17132e-14
1265 4.08458e-14
1266 4.00097e-14
1267 3.91701e-14
1268 3.83686e-14
1269 3.75706e-14
1270 3.68039e-14
1271 3.60441e-14
1272 3.53155e-14
1273 3.46008e-14
1274 3.38757e-14
1275 3.31853e-14
1276 3.24948e-14
1277 3.18287e-14
1278 3.1173e-14
1279 3.05346e-14
1280 2.99066e-14
1281 2.92925e-14
1282 2.86889e-14
1283 2.81129e-14
1284 2.7537e-14
1285 2.69645e-14
1286 2.64268e-14
1287 2.58925e-14
1288 2.53617e-14
1289 2.48204e-14
1290 2.43278e-14
1291 2.38247e-14
1292 2.3339e-14
1293 2.28463e-14
1294 2.23849e-14
1295 2.192e-14
1296 2.14724e-14
1297 2.10248e-14
1298 2.05981e-14
1299 2.01748e-14
1300 1.97585e-14
1301 1.93456e-14
1302 1.89605e-14
1303 1.85754e-14
1304 1.81903e-14
1305 1.78156e-14
1306 1.74478e-14
1307 1.71009e-14
1308 1.67609e-14
1309 1.64105e-14
1310 1.6067e-14
1311 1.57409e-14
1312 1.54217e-14
1313 1.51094e-14
1314 1.48076e-14
1315 1.45023e-14
1316 1.41935e-14
1317 1.39021e-14
1318 1.36141e-14
1319 1.33435e-14
1320 1.30833e-14
1321 1.28196e-14
1322 1.2549e-14
1323 1.22818e-14
1324 1.2032e-14
1325 1.17857e-14
1326 1.15567e-14
1327 1.13277e-14
1328 1.10953e-14
1329 1.08628e-14
1330 1.06373e-14
1331 1.04153e-14
1332 1.01863e-14
1333 9.98854e-15
1334 9.79425e-15
1335 9.60343e-15
1336 9.41608e-15
1337 9.22873e-15
1338 9.03791e-15
1339 8.84362e-15
1340 8.64933e-15
1341 8.46892e-15
1342 8.28504e-15
1343 8.12198e-15
1344 7.9485e-15
1345 7.79585e-15
1346 7.64319e-15
1347 7.49054e-15
1348 7.34482e-15
1349 7.18869e-15
1350 7.03604e-15
1351 6.88685e-15
1352 6.7342e-15
1353 6.58848e-15
1354 6.4497e-15
1355 6.31439e-15
1356 6.18255e-15
1357 6.07153e-15
1358 5.9501e-15
1359 5.83214e-15
1360 5.71765e-15
1361 5.60316e-15
1362 5.49213e-15
1363 5.38111e-15
1364 5.26662e-15
1365 5.14866e-15
1366 5.04111e-15
1367 4.92661e-15
1368 4.81906e-15
1369 4.73233e-15
1370 4.63865e-15
1371 4.52416e-15
1372 4.44783e-15
1373 4.3715e-15
1374 4.29171e-15
1375 4.21191e-15
1376 4.13558e-15
1377 4.05925e-15
1378 3.98293e-15
1379 3.9066e-15
1380 3.83374e-15
1381 3.75741e-15
1382 3.67761e-15
1383 3.60129e-15
1384 3.52149e-15
1385 3.45557e-15
1386 3.37577e-15
1387 3.29597e-15
1388 3.21965e-15
1389 3.15026e-15
1390 3.09822e-15
1391 3.02536e-15
1392 2.94903e-15
1393 2.86923e-15
1394 2.82413e-15
1395 2.77209e-15
1396 2.71658e-15
1397 2.66454e-15
1398 2.60902e-15
1399 2.55351e-15
1400 2.51882e-15
1401 2.48065e-15
1402 2.43902e-15
1403 2.39739e-15
1404 2.36269e-15
1405 2.32453e-15
1406 2.2829e-15
1407 2.22738e-15
1408 2.18575e-15
1409 2.15106e-15
1410 2.11289e-15
1411 2.0782e-15
1412 2.03657e-15
1413 1.99493e-15
1414 1.96024e-15
1415 1.92207e-15
1416 1.88391e-15
1417 1.84575e-15
1418 1.80758e-15
1419 1.77289e-15
1420 1.73472e-15
1421 1.70003e-15
1422 1.66187e-15
1423 1.61676e-15
1424 1.58207e-15
1425 1.54737e-15
1426 1.50921e-15
1427 1.47798e-15
1428 1.44329e-15
1429 1.39819e-15
1430 1.35655e-15
1431 1.33574e-15
1432 1.30451e-15
1433 1.26982e-15
1434 1.24206e-15
1435 1.20043e-15
1436 1.16226e-15
1437 1.13104e-15
1438 1.11369e-15
1439 1.11369e-15
1440 1.11369e-15
1441 1.11022e-15
1442 1.08941e-15
1443 1.05471e-15
1444 1.03736e-15
1445 1.03736e-15
1446 1.01308e-15
1447 9.92262e-16
1448 9.57567e-16
1449 9.4022e-16
1450 9.22873e-16
1451 8.91648e-16
1452 8.88178e-16
1453 8.7777e-16
1454 8.60423e-16
1455 8.50015e-16
1456 8.50015e-16
1457 8.53484e-16
1458 8.53484e-16
1459 8.53484e-16
1460 8.53484e-16
1461 8.50015e-16
1462 8.50015e-16
1463 8.50015e-16
1464 8.50015e-16
1465 8.46545e-16
1466 8.46545e-16
1467 8.46545e-16
1468 8.43076e-16
1469 8.39606e-16
1470 8.39606e-16
1471 8.39606e-16
1472 8.39606e-16
1473 8.39606e-16
1474 8.39606e-16
1475 8.39606e-16
1476 8.39606e-16
1477 8.39606e-16
1478 8.39606e-16
1479 8.39606e-16
1480 8.39606e-16
1481 8.39606e-16
1482 8.39606e-16
1483 8.39606e-16
1484 8.39606e-16
1485 8.39606e-16
1486 8.39606e-16
1487 8.39606e-16
1488 8.39606e-16
1489 8.39606e-16
1490 8.39606e-16
1491 8.39606e-16
1492 8.39606e-16
1493 8.39606e-16
1494 8.39606e-16
1495 8.39606e-16
1496 8.39606e-16
1497 8.39606e-16
1498 8.39606e-16
1499 8.39606e-16
1500 8.39606e-16
1501 8.39606e-16
1502 8.39606e-16
1503 8.39606e-16
1504 8.39606e-16
1505 8.39606e-16
1506 8.39606e-16
1507 8.39606e-16
1508 8.39606e-16
1509 8.39606e-16
1510 8.39606e-16
1511 8.39606e-16
1512 8.39606e-16
1513 8.39606e-16
1514 8.39606e-16
1515 8.39606e-16
1516 8.39606e-16
1517 8.39606e-16
1518 8.39606e-16
1519 8.39606e-16
1520 8.39606e-16
1521 8.39606e-16
1522 8.39606e-16
1523 8.39606e-16
1524 8.39606e-16
1525 8.39606e-16
1526 8.39606e-16
1527 8.39606e-16
1528 8.39606e-16
1529 8.39606e-16
1530 8.39606e-16
1531 8.39606e-16
1532 8.39606e-16
1533 8.39606e-16
1534 8.39606e-16
1535 8.39606e-16
1536 8.39606e-16
1537 8.39606e-16
1538 8.39606e-16
1539 8.39606e-16
1540 8.39606e-16
1541 8.39606e-16
1542 8.39606e-16
1543 8.39606e-16
1544 8.39606e-16
1545 8.39606e-16
1546 8.39606e-16
1547 8.39606e-16
1548 8.39606e-16
1549 8.39606e-16
1550 8.39606e-16
1551 8.39606e-16
1552 8.39606e-16
1553 8.39606e-16
1554 8.39606e-16
1555 8.39606e-16
1556 8.39606e-16
1557 8.39606e-16
1558 8.39606e-16
1559 8.39606e-16
1560 8.39606e-16
1561 8.39606e-16
1562 8.39606e-16
1563 8.39606e-16
1564 8.39606e-16
1565 8.39606e-16
1566 8.39606e-16
1567 8.39606e-16
1568 8.39606e-16
1569 8.39606e-16
1570 8.39606e-16
1571 8.39606e-16
1572 8.39606e-16
1573 8.39606e-16
1574 8.39606e-16
1575 8.39606e-16
1576 8.39606e-16
1577 8.39606e-16
1578 8.39606e-16
1579 8.39606e-16
1580 8.39606e-16
1581 8.39606e-16
1582 8.39606e-16
1583 8.39606e-16
1584 8.39606e-16
1585 8.39606e-16
1586 8.39606e-16
1587 8.39606e-16
1588 8.39606e-16
1589 8.39606e-16
1590 8.39606e-16
1591 8.39606e-16
1592 8.39606e-16
1593 8.39606e-16
1594 8.39606e-16
1595 8.39606e-16
1596 8.39606e-16
1597 8.39606e-16
1598 8.39606e-16
1599 8.39606e-16
1600 8.39606e-16
1601 8.39606e-16
1602 8.39606e-16
1603 8.39606e-16
1604 8.39606e-16
1605 8.39606e-16
1606 8.39606e-16
1607 8.39606e-16
1608 8.39606e-16
1609 8.39606e-16
1610 8.39606e-16
1611 8.39606e-16
1612 8.39606e-16
1613 8.39606e-16
1614 8.39606e-16
1615 8.39606e-16
1616 8.39606e-16
1617 8.39606e-16
1618 8.39606e-16
1619 8.39606e-16
1620 8.39606e-16
1621 8.39606e-16
1622 8.39606e-16
1623 8.39606e-16
1624 8.39606e-16
1625 8.39606e-16
1626 8.39606e-16
1627 8.39606e-16
1628 8.39606e-16
1629 8.39606e-16
1630 8.39606e-16
1631 8.39606e-16
1632 8.39606e-16
1633 8.39606e-16
1634 8.39606e-16
1635 8.39606e-16
1636 8.39606e-16
1637 8.39606e-16
1638 8.39606e-16
1639 8.39606e-16
1640 8.39606e-16
1641 8.39606e-16
1642 8.39606e-16
1643 8.39606e-16
1644 8.39606e-16
1645 8.39606e-16
1646 8.39606e-16
1647 8.39606e-16
1648 8.39606e-16
1649 8.39606e-16
1650 8.39606e-16
1651 8.39606e-16
1652 8.39606e-16
1653 8.39606e-16
1654 8.39606e-16
1655 8.39606e-16
1656 8.39606e-16
1657 8.39606e-16
1658 8.39606e-16
1659 8.39606e-16
1660 8.39606e-16
1661 8.39606e-16
1662 8.39606e-16
1663 8.39606e-16
1664 8.39606e-16
1665 8.39606e-16
1666 8.39606e-16
1667 8.39606e-16
1668 8.39606e-16
1669 8.39606e-16
1670 8.39606e-16
1671 8.39606e-16
1672 8.39606e-16
1673 8.39606e-16
1674 8.39606e-16
1675 8.39606e-16
1676 8.39606e-16
1677 8.39606e-16
1678 8.39606e-16
1679 8.39606e-16
1680 8.39606e-16
1681 8.39606e-16
1682 8.39606e-16
1683 8.39606e-16
1684 8.39606e-16
1685 8.39606e-16
1686 8.39606e-16
1687 8.39606e-16
1688 8.39606e-16
1689 8.39606e-16
1690 8.39606e-16
1691 8.39606e-16
1692 8.39606e-16
1693 8.39606e-16
1694 8.39606e-16
1695 8.39606e-16
1696 8.39606e-16
1697 8.39606e-16
1698 8.39606e-16
1699 8.39606e-16
1700 8.39606e-16
1701 8.39606e-16
1702 8.39606e-16
1703 8.39606e-16
1704 8.39606e-16
1705 8.39606e-16
1706 8.39606e-16
1707 8.39606e-16
1708 8.39606e-16
1709 8.39606e-16
1710 8.39606e-16
1711 8.39606e-16
1712 8.39606e-16
1713 8.39606e-16
1714 8.39606e-16
1715 8.39606e-16
1716 8.39606e-16
1717 8.39606e-16
1718 8.39606e-16
1719 8.39606e-16
1720 8.39606e-16
1721 8.39606e-16
1722 8.39606e-16
1723 8.39606e-16
1724 8.39606e-16
1725 8.39606e-16
1726 8.39606e-16
1727 8.39606e-16
1728 8.39606e-16
1729 8.39606e-16
1730 8.39606e-16
1731 8.39606e-16
1732 8.39606e-16
1733 8.39606e-16
1734 8.39606e-16
1735 8.39606e-16
1736 8.39606e-16
1737 8.39606e-16
1738 8.39606e-16
1739 8.39606e-16
1740 8.39606e-16
1741 8.39606e-16
1742 8.39606e-16
1743 8.39606e-16
1744 8.39606e-16
1745 8.39606e-16
1746 8.39606e-16
1747 8.39606e-16
1748 8.39606e-16
1749 8.39606e-16
1750 8.39606e-16
1751 8.39606e-16
1752 8.39606e-16
1753 8.39606e-16
1754 8.39606e-16
1755 8.39606e-16
1756 8.39606e-16
1757 8.39606e-16
1758 8.39606e-16
1759 8.39606e-16
1760 8.39606e-16
1761 8.39606e-16
1762 8.39606e-16
1763 8.39606e-16
1764 8.39606e-16
1765 8.39606e-16
1766 8.39606e-16
1767 8.39606e-16
1768 8.39606e-16
1769 8.39606e-16
1770 8.39606e-16
1771 8.39606e-16
1772 8.39606e-16
1773 8.39606e-16
1774 8.39606e-16
1775 8.39606e-16
1776 8.39606e-16
1777 8.39606e-16
1778 8.39606e-16
1779 8.39606e-16
1780 8.39606e-16
1781 8.39606e-16
1782 8.39606e-16
1783 8.39606e-16
1784 8.39606e-16
1785 8.39606e-16
1786 8.39606e-16
1787 8.39606e-16
1788 8.39606e-16
1789 8.39606e-16
1790 8.39606e-16
1791 8.39606e-16
1792 8.39606e-16
1793 8.39606e-16
1794 8.39606e-16
1795 8.39606e-16
1796 8.39606e-16
1797 8.39606e-16
1798 8.39606e-16
1799 8.39606e-16
1800 8.39606e-16
1801 8.39606e-16
1802 8.39606e-16
1803 8.39606e-16
1804 8.39606e-16
1805 8.39606e-16
1806 8.39606e-16
1807 8.39606e-16
1808 8.39606e-16
1809 8.39606e-16
1810 8.39606e-16
1811 8.39606e-16
1812 8.39606e-16
1813 8.39606e-16
1814 8.39606e-16
1815 8.39606e-16
1816 8.39606e-16
1817 8.39606e-16
1818 8.39606e-16
1819 8.39606e-16
1820 8.39606e-16
1821 8.39606e-16
1822 8.39606e-16
1823 8.39606e-16
1824 8.39606e-16
1825 8.39606e-16
1826 8.39606e-16
1827 8.39606e-16
1828 8.39606e-16
1829 8.39606e-16
1830 8.39606e-16
1831 8.39606e-16
1832 8.39606e-16
1833 8.39606e-16
1834 8.39606e-16
1835 8.39606e-16
1836 8.39606e-16
1837 8.39606e-16
1838 8.39606e-16
1839 8.39606e-16
1840 8.39606e-16
1841 8.39606e-16
1842 8.39606e-16
1843 8.39606e-16
1844 8.39606e-16
1845 8.39606e-16
1846 8.39606e-16
1847 8.39606e-16
1848 8.39606e-16
1849 8.39606e-16
1850 8.39606e-16
1851 8.39606e-16
1852 8.39606e-16
1853 8.39606e-16
1854 8.39606e-16
1855 8.39606e-16
1856 8.39606e-16
1857 8.39606e-16
1858 8.39606e-16
1859 8.39606e-16
1860 8.39606e-16
1861 8.39606e-16
1862 8.39606e-16
1863 8.39606e-16
1864 8.39606e-16
1865 8.39606e-16
1866 8.39606e-16
1867 8.39606e-16
1868 8.39606e-16
1869 8.39606e-16
1870 8.39606e-16
1871 8.39606e-16
1872 8.39606e-16
1873 8.39606e-16
1874 8.39606e-16
1875 8.39606e-16
1876 8.39606e-16
1877 8.39606e-16
1878 8.39606e-16
1879 8.39606e-16
1880 8.39606e-16
1881 8.39606e-16
1882 8.39606e-16
1883 8.39606e-16
1884 8.39606e-16
1885 8.39606e-16
1886 8.39606e-16
1887 8.39606e-16
1888 8.39606e-16
1889 8.39606e-16
1890 8.39606e-16
1891 8.39606e-16
1892 8.39606e-16
1893 8.39606e-16
1894 8.39606e-16
1895 8.39606e-16
1896 8.39606e-16
1897 8.39606e-16
1898 8.39606e-16
1899 8.39606e-16
1900 8.39606e-16
1901 8.39606e-16
1902 8.39606e-16
1903 8.39606e-16
1904 8.39606e-16
1905 8.39606e-16
1906 8.39606e-16
1907 8.39606e-16
1908 8.39606e-16
1909 8.39606e-16
1910 8.39606e-16
1911 8.39606e-16
1912 8.39606e-16
1913 8.39606e-16
1914 8.39606e-16
1915 8.39606e-16
1916 8.39606e-16
1917 8.39606e-16
1918 8.39606e-16
1919 8.39606e-16
1920 8.39606e-16
1921 8.39606e-16
1922 8.39606e-16
1923 8.39606e-16
1924 8.39606e-16
1925 8.39606e-16
1926 8.39606e-16
1927 8.39606e-16
1928 8.39606e-16
1929 8.39606e-16
1930 8.39606e-16
1931 8.39606e-16
1932 8.39606e-16
1933 8.39606e-16
1934 8.39606e-16
1935 8.39606e-16
1936 8.39606e-16
1937 8.39606e-16
1938 8.39606e-16
1939 8.39606e-16
1940 8.39606e-16
1941 8.39606e-16
1942 8.39606e-16
1943 8.39606e-16
1944 8.39606e-16
1945 8.39606e-16
1946 8.39606e-16
1947 8.39606e-16
1948 8.39606e-16
1949 8.39606e-16
1950 8.39606e-16
1951 8.39606e-16
1952 8.39606e-16
1953 8.39606e-16
1954 8.39606e-16
1955 8.39606e-16
1956 8.39606e-16
1957 8.39606e-16
1958 8.39606e-16
1959 8.39606e-16
1960 8.39606e-16
1961 8.39606e-16
1962 8.39606e-16
1963 8.39606e-16
1964 8.39606e-16
1965 8.39606e-16
1966 8.39606e-16
1967 8.39606e-16
1968 8.39606e-16
1969 8.39606e-16
1970 8.39606e-16
1971 8.39606e-16
1972 8.39606e-16
1973 8.39606e-16
1974 8.39606e-16
1975 8.39606e-16
1976 8.39606e-16
1977 8.39606e-16
1978 8.39606e-16
1979 8.39606e-16
1980 8.39606e-16
1981 8.39606e-16
1982 8.39606e-16
1983 8.39606e-16
1984 8.39606e-16
1985 8.39606e-16
1986 8.39606e-16
1987 8.39606e-16
1988 8.39606e-16
1989 8.39606e-16
1990 8.39606e-16
1991 8.39606e-16
1992 8.39606e-16
1993 8.39606e-16
1994 8.39606e-16
1995 8.39606e-16
1996 8.39606e-16
1997 8.39606e-16
1998 8.39606e-16
1999 8.39606e-16
