0 0.00998027
1 0.00995403
2 0.00996957
3 0.00995221
4 0.00996047
5 0.00994901
6 0.00995255
7 0.00994484
8 0.00994543
9 0.00994001
10 0.00993885
11 0.00993476
12 0.00993261
13 0.00992925
14 0.00992657
15 0.00992359
16 0.00992066
17 0.00991784
18 0.00991482
19 0.00991205
20 0.00990901
21 0.00990625
22 0.00990322
23 0.00990043
24 0.00989743
25 0.00989462
26 0.00989165
27 0.00988882
28 0.00988587
29 0.00988302
30 0.00988009
31 0.00987723
32 0.00987431
33 0.00987144
34 0.00986853
35 0.00986566
36 0.00986276
37 0.00985988
38 0.00985699
39 0.0098541
40 0.00985122
41 0.00984834
42 0.00984545
43 0.00984257
44 0.00983969
45 0.00983681
46 0.00983393
47 0.00983105
48 0.00982817
49 0.00982529
50 0.00982242
51 0.00981954
52 0.00981666
53 0.00981379
54 0.00981092
55 0.00980804
56 0.00980517
57 0.0098023
58 0.00979943
59 0.00979656
60 0.0097937
61 0.00979083
62 0.00978796
63 0.0097851
64 0.00978223
65 0.00977937
66 0.0097765
67 0.00977364
68 0.00977078
69 0.00976792
70 0.00976506
71 0.0097622
72 0.00975934
73 0.00975649
74 0.00975363
75 0.00975077
76 0.00974792
77 0.00974507
78 0.00974221
79 0.00973936
80 0.00973651
81 0.00973366
82 0.00973081
83 0.00972796
84 0.00972511
85 0.00972226
86 0.00971942
87 0.00971657
88 0.00971373
89 0.00971088
90 0.00970804
91 0.0097052
92 0.00970236
93 0.00969952
94 0.00969668
95 0.00969384
96 0.009691
97 0.00968816
98 0.00968533
99 0.00968249
100 0.00967966
101 0.00967682
102 0.00967399
103 0.00967116
104 0.00966833
105 0.00966549
106 0.00966267
107 0.00965984
108 0.00965701
109 0.00965418
110 0.00965135
111 0.00964853
112 0.0096457
113 0.00964288
114 0.00964006
115 0.00963723
116 0.00963441
117 0.00963159
118 0.00962877
119 0.00962595
120 0.00962314
121 0.00962032
122 0.0096175
123 0.00961469
124 0.00961187
125 0.00960906
126 0.00960624
127 0.00960343
128 0.00960062
129 0.00959781
130 0.009595
131 0.00959219
132 0.00958938
133 0.00958657
134 0.00958377
135 0.00958096
136 0.00957816
137 0.00957535
138 0.00957255
139 0.00956975
140 0.00956694
141 0.00956414
142 0.00956134
143 0.00955854
144 0.00955575
145 0.00955295
146 0.00955015
147 0.00954736
148 0.00954456
149 0.00954177
150 0.00953897
151 0.00953618
152 0.00953339
153 0.0095306
154 0.00952781
155 0.00952502
156 0.00952223
157 0.00951944
158 0.00951665
159 0.00951387
160 0.00951108
161 0.0095083
162 0.00950551
163 0.00950273
164 0.00949995
165 0.00949717
166 0.00949439
167 0.00949161
168 0.00948883
169 0.00948605
170 0.00948327
171 0.0094805
172 0.00947772
173 0.00947495
174 0.00947217
175 0.0094694
176 0.00946663
177 0.00946385
178 0.00946108
179 0.00945831
180 0.00945554
181 0.00945278
182 0.00945001
183 0.00944724
184 0.00944448
185 0.00944171
186 0.00943895
187 0.00943618
188 0.00943342
189 0.00943066
190 0.0094279
191 0.00942514
192 0.00942238
193 0.00941962
194 0.00941686
195 0.00941411
196 0.00941135
197 0.00940859
198 0.00940584
199 0.00940309
200 0.00940033
201 0.00939758
202 0.00939483
203 0.00939208
204 0.00938933
205 0.00938658
206 0.00938383
207 0.00938108
208 0.00937834
209 0.00937559
210 0.00937285
211 0.0093701
212 0.00936736
213 0.00936462
214 0.00936188
215 0.00935914
216 0.00935639
217 0.00935366
218 0.00935092
219 0.00934818
220 0.00934544
221 0.00934271
222 0.00933997
223 0.00933724
224 0.0093345
225 0.00933177
226 0.00932904
227 0.00932631
228 0.00932358
229 0.00932085
230 0.00931812
231 0.00931539
232 0.00931266
233 0.00930994
234 0.00930721
235 0.00930449
236 0.00930176
237 0.00929904
238 0.00929632
239 0.00929359
240 0.00929087
241 0.00928815
242 0.00928543
243 0.00928272
244 0.00928
245 0.00927728
246 0.00927456
247 0.00927185
248 0.00926913
249 0.00926642
250 0.00926371
251 0.009261
252 0.00925828
253 0.00925557
254 0.00925286
255 0.00925016
256 0.00924745
257 0.00924474
258 0.00924203
259 0.00923933
260 0.00923662
261 0.00923392
262 0.00923121
263 0.00922851
264 0.00922581
265 0.00922311
266 0.00922041
267 0.00921771
268 0.00921501
269 0.00921231
270 0.00920962
271 0.00920692
272 0.00920422
273 0.00920153
274 0.00919884
275 0.00919614
276 0.00919345
277 0.00919076
278 0.00918807
279 0.00918538
280 0.00918269
281 0.00918
282 0.00917731
283 0.00917463
284 0.00917194
285 0.00916925
286 0.00916657
287 0.00916389
288 0.0091612
289 0.00915852
290 0.00915584
291 0.00915316
292 0.00915048
293 0.0091478
294 0.00914512
295 0.00914244
296 0.00913977
297 0.00913709
298 0.00913442
299 0.00913174
300 0.00912907
301 0.0091264
302 0.00912372
303 0.00912105
304 0.00911838
305 0.00911571
306 0.00911304
307 0.00911038
308 0.00910771
309 0.00910504
310 0.00910238
311 0.00909971
312 0.00909705
313 0.00909439
314 0.00909172
315 0.00908906
316 0.0090864
317 0.00908374
318 0.00908108
319 0.00907842
320 0.00907576
321 0.00907311
322 0.00907045
323 0.00906779
324 0.00906514
325 0.00906249
326 0.00905983
327 0.00905718
328 0.00905453
329 0.00905188
330 0.00904923
331 0.00904658
332 0.00904393
333 0.00904128
334 0.00903863
335 0.00903599
336 0.00903334
337 0.0090307
338 0.00902805
339 0.00902541
340 0.00902277
341 0.00902013
342 0.00901749
343 0.00901485
344 0.00901221
345 0.00900957
346 0.00900693
347 0.00900429
348 0.00900166
349 0.00899902
350 0.00899639
351 0.00899375
352 0.00899112
353 0.00898849
354 0.00898586
355 0.00898323
356 0.0089806
357 0.00897797
358 0.00897534
359 0.00897271
360 0.00897008
361 0.00896746
362 0.00896483
363 0.00896221
364 0.00895958
365 0.00895696
366 0.00895434
367 0.00895172
368 0.0089491
369 0.00894648
370 0.00894386
371 0.00894124
372 0.00893862
373 0.008936
374 0.00893339
375 0.00893077
376 0.00892816
377 0.00892554
378 0.00892293
379 0.00892032
380 0.00891771
381 0.0089151
382 0.00891249
383 0.00890988
384 0.00890727
385 0.00890466
386 0.00890205
387 0.00889945
388 0.00889684
389 0.00889424
390 0.00889163
391 0.00888903
392 0.00888643
393 0.00888382
394 0.00888122
395 0.00887862
396 0.00887602
397 0.00887343
398 0.00887083
399 0.00886823
400 0.00886563
401 0.00886304
402 0.00886044
403 0.00885785
404 0.00885526
405 0.00885266
406 0.00885007
407 0.00884748
408 0.00884489
409 0.0088423
410 0.00883971
411 0.00883712
412 0.00883454
413 0.00883195
414 0.00882936
415 0.00882678
416 0.0088242
417 0.00882161
418 0.00881903
419 0.00881645
420 0.00881387
421 0.00881129
422 0.00880871
423 0.00880613
424 0.00880355
425 0.00880097
426 0.0087984
427 0.00879582
428 0.00879324
429 0.00879067
430 0.0087881
431 0.00878552
432 0.00878295
433 0.00878038
434 0.00877781
435 0.00877524
436 0.00877267
437 0.0087701
438 0.00876753
439 0.00876497
440 0.0087624
441 0.00875984
442 0.00875727
443 0.00875471
444 0.00875214
445 0.00874958
446 0.00874702
447 0.00874446
448 0.0087419
449 0.00873934
450 0.00873678
451 0.00873422
452 0.00873167
453 0.00872911
454 0.00872655
455 0.008724
456 0.00872145
457 0.00871889
458 0.00871634
459 0.00871379
460 0.00871124
461 0.00870869
462 0.00870614
463 0.00870359
464 0.00870104
465 0.00869849
466 0.00869594
467 0.0086934
468 0.00869085
469 0.00868831
470 0.00868577
471 0.00868322
472 0.00868068
473 0.00867814
474 0.0086756
475 0.00867306
476 0.00867052
477 0.00866798
478 0.00866544
479 0.00866291
480 0.00866037
481 0.00865783
482 0.0086553
483 0.00865277
484 0.00865023
485 0.0086477
486 0.00864517
487 0.00864264
488 0.00864011
489 0.00863758
490 0.00863505
491 0.00863252
492 0.00862999
493 0.00862747
494 0.00862494
495 0.00862242
496 0.00861989
497 0.00861737
498 0.00861484
499 0.00861232
500 0.0086098
501 0.00860728
502 0.00860476
503 0.00860224
504 0.00859972
505 0.0085972
506 0.00859469
507 0.00859217
508 0.00858966
509 0.00858714
510 0.00858463
511 0.00858211
512 0.0085796
513 0.00857709
514 0.00857458
515 0.00857207
516 0.00856956
517 0.00856705
518 0.00856454
519 0.00856203
520 0.00855953
521 0.00855702
522 0.00855452
523 0.00855201
524 0.00854951
525 0.008547
526 0.0085445
527 0.008542
528 0.0085395
529 0.008537
530 0.0085345
531 0.008532
532 0.0085295
533 0.00852701
534 0.00852451
535 0.00852201
536 0.00851952
537 0.00851702
538 0.00851453
539 0.00851204
540 0.00850955
541 0.00850706
542 0.00850456
543 0.00850207
544 0.00849959
545 0.0084971
546 0.00849461
547 0.00849212
548 0.00848964
549 0.00848715
550 0.00848467
551 0.00848218
552 0.0084797
553 0.00847722
554 0.00847473
555 0.00847225
556 0.00846977
557 0.00846729
558 0.00846481
559 0.00846234
560 0.00845986
561 0.00845738
562 0.00845491
563 0.00845243
564 0.00844996
565 0.00844748
566 0.00844501
567 0.00844254
568 0.00844006
569 0.00843759
570 0.00843512
571 0.00843265
572 0.00843018
573 0.00842772
574 0.00842525
575 0.00842278
576 0.00842032
577 0.00841785
578 0.00841539
579 0.00841292
580 0.00841046
581 0.008408
582 0.00840554
583 0.00840307
584 0.00840061
585 0.00839816
586 0.0083957
587 0.00839324
588 0.00839078
589 0.00838832
590 0.00838587
591 0.00838341
592 0.00838096
593 0.00837851
594 0.00837605
595 0.0083736
596 0.00837115
597 0.0083687
598 0.00836625
599 0.0083638
600 0.00836135
601 0.0083589
602 0.00835645
603 0.00835401
604 0.00835156
605 0.00834912
606 0.00834667
607 0.00834423
608 0.00834179
609 0.00833934
610 0.0083369
611 0.00833446
612 0.00833202
613 0.00832958
614 0.00832714
615 0.00832471
616 0.00832227
617 0.00831983
618 0.0083174
619 0.00831496
620 0.00831253
621 0.00831009
622 0.00830766
623 0.00830523
624 0.0083028
625 0.00830037
626 0.00829794
627 0.00829551
628 0.00829308
629 0.00829065
630 0.00828822
631 0.0082858
632 0.00828337
633 0.00828094
634 0.00827852
635 0.0082761
636 0.00827367
637 0.00827125
638 0.00826883
639 0.00826641
640 0.00826399
641 0.00826157
642 0.00825915
643 0.00825673
644 0.00825432
645 0.0082519
646 0.00824948
647 0.00824707
648 0.00824465
649 0.00824224
650 0.00823983
651 0.00823741
652 0.008235
653 0.00823259
654 0.00823018
655 0.00822777
656 0.00822536
657 0.00822295
658 0.00822055
659 0.00821814
660 0.00821573
661 0.00821333
662 0.00821092
663 0.00820852
664 0.00820612
665 0.00820371
666 0.00820131
667 0.00819891
668 0.00819651
669 0.00819411
670 0.00819171
671 0.00818931
672 0.00818692
673 0.00818452
674 0.00818212
675 0.00817973
676 0.00817733
677 0.00817494
678 0.00817255
679 0.00817015
680 0.00816776
681 0.00816537
682 0.00816298
683 0.00816059
684 0.0081582
685 0.00815581
686 0.00815342
687 0.00815104
688 0.00814865
689 0.00814626
690 0.00814388
691 0.0081415
692 0.00813911
693 0.00813673
694 0.00813435
695 0.00813197
696 0.00812958
697 0.0081272
698 0.00812483
699 0.00812245
700 0.00812007
701 0.00811769
702 0.00811531
703 0.00811294
704 0.00811056
705 0.00810819
706 0.00810581
707 0.00810344
708 0.00810107
709 0.0080987
710 0.00809633
711 0.00809396
712 0.00809159
713 0.00808922
714 0.00808685
715 0.00808448
716 0.00808211
717 0.00807975
718 0.00807738
719 0.00807502
720 0.00807265
721 0.00807029
722 0.00806793
723 0.00806557
724 0.0080632
725 0.00806084
726 0.00805848
727 0.00805612
728 0.00805377
729 0.00805141
730 0.00804905
731 0.00804669
732 0.00804434
733 0.00804198
734 0.00803963
735 0.00803728
736 0.00803492
737 0.00803257
738 0.00803022
739 0.00802787
740 0.00802552
741 0.00802317
742 0.00802082
743 0.00801847
744 0.00801612
745 0.00801378
746 0.00801143
747 0.00800908
748 0.00800674
749 0.00800439
750 0.00800205
751 0.00799971
752 0.00799737
753 0.00799503
754 0.00799268
755 0.00799034
756 0.007988
757 0.00798567
758 0.00798333
759 0.00798099
760 0.00797865
761 0.00797632
762 0.00797398
763 0.00797165
764 0.00796931
765 0.00796698
766 0.00796465
767 0.00796232
768 0.00795999
769 0.00795766
770 0.00795533
771 0.007953
772 0.00795067
773 0.00794834
774 0.00794601
775 0.00794369
776 0.00794136
777 0.00793904
778 0.00793671
779 0.00793439
780 0.00793207
781 0.00792974
782 0.00792742
783 0.0079251
784 0.00792278
785 0.00792046
786 0.00791814
787 0.00791582
788 0.00791351
789 0.00791119
790 0.00790887
791 0.00790656
792 0.00790424
793 0.00790193
794 0.00789962
795 0.0078973
796 0.00789499
797 0.00789268
798 0.00789037
799 0.00788806
800 0.00788575
801 0.00788344
802 0.00788113
803 0.00787883
804 0.00787652
805 0.00787421
806 0.00787191
807 0.0078696
808 0.0078673
809 0.007865
810 0.00786269
811 0.00786039
812 0.00785809
813 0.00785579
814 0.00785349
815 0.00785119
816 0.00784889
817 0.00784659
818 0.0078443
819 0.007842
820 0.0078397
821 0.00783741
822 0.00783511
823 0.00783282
824 0.00783053
825 0.00782823
826 0.00782594
827 0.00782365
828 0.00782136
829 0.00781907
830 0.00781678
831 0.00781449
832 0.0078122
833 0.00780992
834 0.00780763
835 0.00780535
836 0.00780306
837 0.00780078
838 0.00779849
839 0.00779621
840 0.00779393
841 0.00779164
842 0.00778936
843 0.00778708
844 0.0077848
845 0.00778252
846 0.00778025
847 0.00777797
848 0.00777569
849 0.00777341
850 0.00777114
851 0.00776886
852 0.00776659
853 0.00776431
854 0.00776204
855 0.00775977
856 0.0077575
857 0.00775523
858 0.00775296
859 0.00775069
860 0.00774842
861 0.00774615
862 0.00774388
863 0.00774161
864 0.00773935
865 0.00773708
866 0.00773482
867 0.00773255
868 0.00773029
869 0.00772802
870 0.00772576
871 0.0077235
872 0.00772124
873 0.00771898
874 0.00771672
875 0.00771446
876 0.0077122
877 0.00770994
878 0.00770768
879 0.00770543
880 0.00770317
881 0.00770092
882 0.00769866
883 0.00769641
884 0.00769416
885 0.0076919
886 0.00768965
887 0.0076874
888 0.00768515
889 0.0076829
890 0.00768065
891 0.0076784
892 0.00767615
893 0.00767391
894 0.00767166
895 0.00766941
896 0.00766717
897 0.00766492
898 0.00766268
899 0.00766044
900 0.00765819
901 0.00765595
902 0.00765371
903 0.00765147
904 0.00764923
905 0.00764699
906 0.00764475
907 0.00764251
908 0.00764027
909 0.00763804
910 0.0076358
911 0.00763357
912 0.00763133
913 0.0076291
914 0.00762686
915 0.00762463
916 0.0076224
917 0.00762017
918 0.00761793
919 0.0076157
920 0.00761348
921 0.00761125
922 0.00760902
923 0.00760679
924 0.00760456
925 0.00760234
926 0.00760011
927 0.00759789
928 0.00759566
929 0.00759344
930 0.00759121
931 0.00758899
932 0.00758677
933 0.00758455
934 0.00758233
935 0.00758011
936 0.00757789
937 0.00757567
938 0.00757345
939 0.00757124
940 0.00756902
941 0.0075668
942 0.00756459
943 0.00756237
944 0.00756016
945 0.00755795
946 0.00755573
947 0.00755352
948 0.00755131
949 0.0075491
950 0.00754689
951 0.00754468
952 0.00754247
953 0.00754026
954 0.00753805
955 0.00753585
956 0.00753364
957 0.00753144
958 0.00752923
959 0.00752703
960 0.00752482
961 0.00752262
962 0.00752042
963 0.00751822
964 0.00751601
965 0.00751381
966 0.00751161
967 0.00750941
968 0.00750722
969 0.00750502
970 0.00750282
971 0.00750062
972 0.00749843
973 0.00749623
974 0.00749404
975 0.00749184
976 0.00748965
977 0.00748746
978 0.00748527
979 0.00748307
980 0.00748088
981 0.00747869
982 0.0074765
983 0.00747432
984 0.00747213
985 0.00746994
986 0.00746775
987 0.00746557
988 0.00746338
989 0.0074612
990 0.00745901
991 0.00745683
992 0.00745464
993 0.00745246
994 0.00745028
995 0.0074481
996 0.00744592
997 0.00744374
998 0.00744156
999 0.00743938
1000 0.0074372
1001 0.00743502
1002 0.00743285
1003 0.00743067
1004 0.0074285
1005 0.00742632
1006 0.00742415
1007 0.00742197
1008 0.0074198
1009 0.00741763
1010 0.00741546
1011 0.00741329
1012 0.00741112
1013 0.00740895
1014 0.00740678
1015 0.00740461
1016 0.00740244
1017 0.00740027
1018 0.00739811
1019 0.00739594
1020 0.00739377
1021 0.00739161
1022 0.00738945
1023 0.00738728
1024 0.00738512
1025 0.00738296
1026 0.0073808
1027 0.00737864
1028 0.00737648
1029 0.00737432
1030 0.00737216
1031 0.00737
1032 0.00736784
1033 0.00736568
1034 0.00736353
1035 0.00736137
1036 0.00735922
1037 0.00735706
1038 0.00735491
1039 0.00735275
1040 0.0073506
1041 0.00734845
1042 0.0073463
1043 0.00734415
1044 0.007342
1045 0.00733985
1046 0.0073377
1047 0.00733555
1048 0.0073334
1049 0.00733126
1050 0.00732911
1051 0.00732696
1052 0.00732482
1053 0.00732267
1054 0.00732053
1055 0.00731839
1056 0.00731624
1057 0.0073141
1058 0.00731196
1059 0.00730982
1060 0.00730768
1061 0.00730554
1062 0.0073034
1063 0.00730126
1064 0.00729913
1065 0.00729699
1066 0.00729485
1067 0.00729272
1068 0.00729058
1069 0.00728845
1070 0.00728631
1071 0.00728418
1072 0.00728205
1073 0.00727992
1074 0.00727778
1075 0.00727565
1076 0.00727352
1077 0.00727139
1078 0.00726927
1079 0.00726714
1080 0.00726501
1081 0.00726288
1082 0.00726076
1083 0.00725863
1084 0.00725651
1085 0.00725438
1086 0.00725226
1087 0.00725013
1088 0.00724801
1089 0.00724589
1090 0.00724377
1091 0.00724165
1092 0.00723953
1093 0.00723741
1094 0.00723529
1095 0.00723317
1096 0.00723105
1097 0.00722894
1098 0.00722682
1099 0.0072247
1100 0.00722259
1101 0.00722047
1102 0.00721836
1103 0.00721625
1104 0.00721413
1105 0.00721202
1106 0.00720991
1107 0.0072078
1108 0.00720569
1109 0.00720358
1110 0.00720147
1111 0.00719936
1112 0.00719725
1113 0.00719515
1114 0.00719304
1115 0.00719093
1116 0.00718883
1117 0.00718672
1118 0.00718462
1119 0.00718252
1120 0.00718041
1121 0.00717831
1122 0.00717621
1123 0.00717411
1124 0.00717201
1125 0.00716991
1126 0.00716781
1127 0.00716571
1128 0.00716361
1129 0.00716152
1130 0.00715942
1131 0.00715732
1132 0.00715523
1133 0.00715313
1134 0.00715104
1135 0.00714895
1136 0.00714685
1137 0.00714476
1138 0.00714267
1139 0.00714058
1140 0.00713849
1141 0.0071364
1142 0.00713431
1143 0.00713222
1144 0.00713013
1145 0.00712804
1146 0.00712596
1147 0.00712387
1148 0.00712178
1149 0.0071197
1150 0.00711762
1151 0.00711553
1152 0.00711345
1153 0.00711137
1154 0.00710928
1155 0.0071072
1156 0.00710512
1157 0.00710304
1158 0.00710096
1159 0.00709888
1160 0.0070968
1161 0.00709473
1162 0.00709265
1163 0.00709057
1164 0.0070885
1165 0.00708642
1166 0.00708435
1167 0.00708227
1168 0.0070802
1169 0.00707813
1170 0.00707605
1171 0.00707398
1172 0.00707191
1173 0.00706984
1174 0.00706777
1175 0.0070657
1176 0.00706363
1177 0.00706157
1178 0.0070595
1179 0.00705743
1180 0.00705537
1181 0.0070533
1182 0.00705123
1183 0.00704917
1184 0.00704711
1185 0.00704504
1186 0.00704298
1187 0.00704092
1188 0.00703886
1189 0.0070368
1190 0.00703474
1191 0.00703268
1192 0.00703062
1193 0.00702856
1194 0.0070265
1195 0.00702444
1196 0.00702239
1197 0.00702033
1198 0.00701828
1199 0.00701622
1200 0.00701417
1201 0.00701211
1202 0.00701006
1203 0.00700801
1204 0.00700596
1205 0.00700391
1206 0.00700186
1207 0.00699981
1208 0.00699776
1209 0.00699571
1210 0.00699366
1211 0.00699161
1212 0.00698956
1213 0.00698752
1214 0.00698547
1215 0.00698343
1216 0.00698138
1217 0.00697934
1218 0.0069773
1219 0.00697525
1220 0.00697321
1221 0.00697117
1222 0.00696913
1223 0.00696709
1224 0.00696505
1225 0.00696301
1226 0.00696097
1227 0.00695893
1228 0.0069569
1229 0.00695486
1230 0.00695282
1231 0.00695079
1232 0.00694875
1233 0.00694672
1234 0.00694468
1235 0.00694265
1236 0.00694062
1237 0.00693859
1238 0.00693655
1239 0.00693452
1240 0.00693249
1241 0.00693046
1242 0.00692843
1243 0.00692641
1244 0.00692438
1245 0.00692235
1246 0.00692032
1247 0.0069183
1248 0.00691627
1249 0.00691425
1250 0.00691222
1251 0.0069102
1252 0.00690818
1253 0.00690615
1254 0.00690413
1255 0.00690211
1256 0.00690009
1257 0.00689807
1258 0.00689605
1259 0.00689403
1260 0.00689201
1261 0.00689
1262 0.00688798
1263 0.00688596
1264 0.00688395
1265 0.00688193
1266 0.00687992
1267 0.0068779
1268 0.00687589
1269 0.00687387
1270 0.00687186
1271 0.00686985
1272 0.00686784
1273 0.00686583
1274 0.00686382
1275 0.00686181
1276 0.0068598
1277 0.00685779
1278 0.00685578
1279 0.00685378
1280 0.00685177
1281 0.00684976
1282 0.00684776
1283 0.00684575
1284 0.00684375
1285 0.00684175
1286 0.00683974
1287 0.00683774
1288 0.00683574
1289 0.00683374
1290 0.00683174
1291 0.00682974
1292 0.00682774
1293 0.00682574
1294 0.00682374
1295 0.00682174
1296 0.00681974
1297 0.00681775
1298 0.00681575
1299 0.00681376
1300 0.00681176
1301 0.00680977
1302 0.00680777
1303 0.00680578
1304 0.00680379
1305 0.0068018
1306 0.0067998
1307 0.00679781
1308 0.00679582
1309 0.00679383
1310 0.00679185
1311 0.00678986
1312 0.00678787
1313 0.00678588
1314 0.00678389
1315 0.00678191
1316 0.00677992
1317 0.00677794
1318 0.00677595
1319 0.00677397
1320 0.00677199
1321 0.00677
1322 0.00676802
1323 0.00676604
1324 0.00676406
1325 0.00676208
1326 0.0067601
1327 0.00675812
1328 0.00675614
1329 0.00675416
1330 0.00675219
1331 0.00675021
1332 0.00674823
1333 0.00674626
1334 0.00674428
1335 0.00674231
1336 0.00674033
1337 0.00673836
1338 0.00673639
1339 0.00673442
1340 0.00673244
1341 0.00673047
1342 0.0067285
1343 0.00672653
1344 0.00672456
1345 0.00672259
1346 0.00672063
1347 0.00671866
1348 0.00671669
1349 0.00671473
1350 0.00671276
1351 0.00671079
1352 0.00670883
1353 0.00670687
1354 0.0067049
1355 0.00670294
1356 0.00670098
1357 0.00669901
1358 0.00669705
1359 0.00669509
1360 0.00669313
1361 0.00669117
1362 0.00668921
1363 0.00668726
1364 0.0066853
1365 0.00668334
1366 0.00668138
1367 0.00667943
1368 0.00667747
1369 0.00667552
1370 0.00667356
1371 0.00667161
1372 0.00666966
1373 0.0066677
1374 0.00666575
1375 0.0066638
1376 0.00666185
1377 0.0066599
1378 0.00665795
1379 0.006656
1380 0.00665405
1381 0.0066521
1382 0.00665015
1383 0.00664821
1384 0.00664626
1385 0.00664432
1386 0.00664237
1387 0.00664043
1388 0.00663848
1389 0.00663654
1390 0.00663459
1391 0.00663265
1392 0.00663071
1393 0.00662877
1394 0.00662683
1395 0.00662489
1396 0.00662295
1397 0.00662101
1398 0.00661907
1399 0.00661713
1400 0.0066152
1401 0.00661326
1402 0.00661132
1403 0.00660939
1404 0.00660745
1405 0.00660552
1406 0.00660358
1407 0.00660165
1408 0.00659972
1409 0.00659779
1410 0.00659585
1411 0.00659392
1412 0.00659199
1413 0.00659006
1414 0.00658813
1415 0.0065862
1416 0.00658428
1417 0.00658235
1418 0.00658042
1419 0.0065785
1420 0.00657657
1421 0.00657464
1422 0.00657272
1423 0.00657079
1424 0.00656887
1425 0.00656695
1426 0.00656503
1427 0.0065631
1428 0.00656118
1429 0.00655926
1430 0.00655734
1431 0.00655542
1432 0.0065535
1433 0.00655158
1434 0.00654966
1435 0.00654775
1436 0.00654583
1437 0.00654391
1438 0.006542
1439 0.00654008
1440 0.00653817
1441 0.00653625
1442 0.00653434
1443 0.00653243
1444 0.00653051
1445 0.0065286
1446 0.00652669
1447 0.00652478
1448 0.00652287
1449 0.00652096
1450 0.00651905
1451 0.00651714
1452 0.00651523
1453 0.00651333
1454 0.00651142
1455 0.00650951
1456 0.00650761
1457 0.0065057
1458 0.0065038
1459 0.00650189
1460 0.00649999
1461 0.00649809
1462 0.00649618
1463 0.00649428
1464 0.00649238
1465 0.00649048
1466 0.00648858
1467 0.00648668
1468 0.00648478
1469 0.00648288
1470 0.00648099
1471 0.00647909
1472 0.00647719
1473 0.00647529
1474 0.0064734
1475 0.0064715
1476 0.00646961
1477 0.00646771
1478 0.00646582
1479 0.00646393
1480 0.00646204
1481 0.00646014
1482 0.00645825
1483 0.00645636
1484 0.00645447
1485 0.00645258
1486 0.00645069
1487 0.0064488
1488 0.00644692
1489 0.00644503
1490 0.00644314
1491 0.00644126
1492 0.00643937
1493 0.00643748
1494 0.0064356
1495 0.00643372
1496 0.00643183
1497 0.00642995
1498 0.00642807
1499 0.00642618
1500 0.0064243
1501 0.00642242
1502 0.00642054
1503 0.00641866
1504 0.00641678
1505 0.0064149
1506 0.00641303
1507 0.00641115
1508 0.00640927
1509 0.0064074
1510 0.00640552
1511 0.00640364
1512 0.00640177
1513 0.0063999
1514 0.00639802
1515 0.00639615
1516 0.00639428
1517 0.0063924
1518 0.00639053
1519 0.00638866
1520 0.00638679
1521 0.00638492
1522 0.00638305
1523 0.00638118
1524 0.00637931
1525 0.00637745
1526 0.00637558
1527 0.00637371
1528 0.00637185
1529 0.00636998
1530 0.00636812
1531 0.00636625
1532 0.00636439
1533 0.00636253
1534 0.00636066
1535 0.0063588
1536 0.00635694
1537 0.00635508
1538 0.00635322
1539 0.00635136
1540 0.0063495
1541 0.00634764
1542 0.00634578
1543 0.00634392
1544 0.00634206
1545 0.00634021
1546 0.00633835
1547 0.0063365
1548 0.00633464
1549 0.00633279
1550 0.00633093
1551 0.00632908
1552 0.00632723
1553 0.00632537
1554 0.00632352
1555 0.00632167
1556 0.00631982
1557 0.00631797
1558 0.00631612
1559 0.00631427
1560 0.00631242
1561 0.00631057
1562 0.00630873
1563 0.00630688
1564 0.00630503
1565 0.00630319
1566 0.00630134
1567 0.0062995
1568 0.00629765
1569 0.00629581
1570 0.00629397
1571 0.00629212
1572 0.00629028
1573 0.00628844
1574 0.0062866
1575 0.00628476
1576 0.00628292
1577 0.00628108
1578 0.00627924
1579 0.0062774
1580 0.00627556
1581 0.00627373
1582 0.00627189
1583 0.00627005
1584 0.00626822
1585 0.00626638
1586 0.00626455
1587 0.00626271
1588 0.00626088
1589 0.00625905
1590 0.00625721
1591 0.00625538
1592 0.00625355
1593 0.00625172
1594 0.00624989
1595 0.00624806
1596 0.00624623
1597 0.0062444
1598 0.00624257
1599 0.00624075
1600 0.00623892
1601 0.00623709
1602 0.00623527
1603 0.00623344
1604 0.00623162
1605 0.00622979
1606 0.00622797
1607 0.00622614
1608 0.00622432
1609 0.0062225
1610 0.00622068
1611 0.00621886
1612 0.00621704
1613 0.00621521
1614 0.0062134
1615 0.00621158
1616 0.00620976
1617 0.00620794
1618 0.00620612
1619 0.00620431
1620 0.00620249
1621 0.00620067
1622 0.00619886
1623 0.00619704
1624 0.00619523
1625 0.00619341
1626 0.0061916
1627 0.00618979
1628 0.00618798
1629 0.00618616
1630 0.00618435
1631 0.00618254
1632 0.00618073
1633 0.00617892
1634 0.00617711
1635 0.00617531
1636 0.0061735
1637 0.00617169
1638 0.00616988
1639 0.00616808
1640 0.00616627
1641 0.00616447
1642 0.00616266
1643 0.00616086
1644 0.00615905
1645 0.00615725
1646 0.00615545
1647 0.00615365
1648 0.00615184
1649 0.00615004
1650 0.00614824
1651 0.00614644
1652 0.00614464
1653 0.00614284
1654 0.00614105
1655 0.00613925
1656 0.00613745
1657 0.00613565
1658 0.00613386
1659 0.00613206
1660 0.00613027
1661 0.00612847
1662 0.00612668
1663 0.00612488
1664 0.00612309
1665 0.0061213
1666 0.0061195
1667 0.00611771
1668 0.00611592
1669 0.00611413
1670 0.00611234
1671 0.00611055
1672 0.00610876
1673 0.00610697
1674 0.00610519
1675 0.0061034
1676 0.00610161
1677 0.00609983
1678 0.00609804
1679 0.00609625
1680 0.00609447
1681 0.00609269
1682 0.0060909
1683 0.00608912
1684 0.00608734
1685 0.00608555
1686 0.00608377
1687 0.00608199
1688 0.00608021
1689 0.00607843
1690 0.00607665
1691 0.00607487
1692 0.00607309
1693 0.00607132
1694 0.00606954
1695 0.00606776
1696 0.00606598
1697 0.00606421
1698 0.00606243
1699 0.00606066
1700 0.00605888
1701 0.00605711
1702 0.00605534
1703 0.00605356
1704 0.00605179
1705 0.00605002
1706 0.00604825
1707 0.00604648
1708 0.00604471
1709 0.00604294
1710 0.00604117
1711 0.0060394
1712 0.00603763
1713 0.00603586
1714 0.0060341
1715 0.00603233
1716 0.00603056
1717 0.0060288
1718 0.00602703
1719 0.00602527
1720 0.0060235
1721 0.00602174
1722 0.00601998
1723 0.00601822
1724 0.00601645
1725 0.00601469
1726 0.00601293
1727 0.00601117
1728 0.00600941
1729 0.00600765
1730 0.00600589
1731 0.00600413
1732 0.00600238
1733 0.00600062
1734 0.00599886
1735 0.00599711
1736 0.00599535
1737 0.0059936
1738 0.00599184
1739 0.00599009
1740 0.00598833
1741 0.00598658
1742 0.00598483
1743 0.00598307
1744 0.00598132
1745 0.00597957
1746 0.00597782
1747 0.00597607
1748 0.00597432
1749 0.00597257
1750 0.00597082
1751 0.00596908
1752 0.00596733
1753 0.00596558
1754 0.00596383
1755 0.00596209
1756 0.00596034
1757 0.0059586
1758 0.00595685
1759 0.00595511
1760 0.00595337
1761 0.00595162
1762 0.00594988
1763 0.00594814
1764 0.0059464
1765 0.00594466
1766 0.00594292
1767 0.00594118
1768 0.00593944
1769 0.0059377
1770 0.00593596
1771 0.00593422
1772 0.00593248
1773 0.00593075
1774 0.00592901
1775 0.00592728
1776 0.00592554
1777 0.0059238
1778 0.00592207
1779 0.00592034
1780 0.0059186
1781 0.00591687
1782 0.00591514
1783 0.00591341
1784 0.00591168
1785 0.00590994
1786 0.00590821
1787 0.00590648
1788 0.00590476
1789 0.00590303
1790 0.0059013
1791 0.00589957
1792 0.00589784
1793 0.00589612
1794 0.00589439
1795 0.00589266
1796 0.00589094
1797 0.00588921
1798 0.00588749
1799 0.00588577
1800 0.00588404
1801 0.00588232
1802 0.0058806
1803 0.00587888
1804 0.00587716
1805 0.00587544
1806 0.00587372
1807 0.005872
1808 0.00587028
1809 0.00586856
1810 0.00586684
1811 0.00586512
1812 0.00586341
1813 0.00586169
1814 0.00585997
1815 0.00585826
1816 0.00585654
1817 0.00585483
1818 0.00585311
1819 0.0058514
1820 0.00584969
1821 0.00584797
1822 0.00584626
1823 0.00584455
1824 0.00584284
1825 0.00584113
1826 0.00583942
1827 0.00583771
1828 0.005836
1829 0.00583429
1830 0.00583258
1831 0.00583087
1832 0.00582917
1833 0.00582746
1834 0.00582576
1835 0.00582405
1836 0.00582234
1837 0.00582064
1838 0.00581894
1839 0.00581723
1840 0.00581553
1841 0.00581383
1842 0.00581212
1843 0.00581042
1844 0.00580872
1845 0.00580702
1846 0.00580532
1847 0.00580362
1848 0.00580192
1849 0.00580022
1850 0.00579853
1851 0.00579683
1852 0.00579513
1853 0.00579343
1854 0.00579174
1855 0.00579004
1856 0.00578835
1857 0.00578665
1858 0.00578496
1859 0.00578326
1860 0.00578157
1861 0.00577988
1862 0.00577819
1863 0.00577649
1864 0.0057748
1865 0.00577311
1866 0.00577142
1867 0.00576973
1868 0.00576804
1869 0.00576635
1870 0.00576467
1871 0.00576298
1872 0.00576129
1873 0.00575961
1874 0.00575792
1875 0.00575623
1876 0.00575455
1877 0.00575286
1878 0.00575118
1879 0.0057495
1880 0.00574781
1881 0.00574613
1882 0.00574445
1883 0.00574276
1884 0.00574108
1885 0.0057394
1886 0.00573772
1887 0.00573604
1888 0.00573436
1889 0.00573268
1890 0.00573101
1891 0.00572933
1892 0.00572765
1893 0.00572597
1894 0.0057243
1895 0.00572262
1896 0.00572095
1897 0.00571927
1898 0.0057176
1899 0.00571592
1900 0.00571425
1901 0.00571258
1902 0.0057109
1903 0.00570923
1904 0.00570756
1905 0.00570589
1906 0.00570422
1907 0.00570255
1908 0.00570088
1909 0.00569921
1910 0.00569754
1911 0.00569587
1912 0.00569421
1913 0.00569254
1914 0.00569087
1915 0.00568921
1916 0.00568754
1917 0.00568588
1918 0.00568421
1919 0.00568255
1920 0.00568088
1921 0.00567922
1922 0.00567756
1923 0.00567589
1924 0.00567423
1925 0.00567257
1926 0.00567091
1927 0.00566925
1928 0.00566759
1929 0.00566593
1930 0.00566427
1931 0.00566261
1932 0.00566096
1933 0.0056593
1934 0.00565764
1935 0.00565599
1936 0.00565433
1937 0.00565267
1938 0.00565102
1939 0.00564937
1940 0.00564771
1941 0.00564606
1942 0.00564441
1943 0.00564275
1944 0.0056411
1945 0.00563945
1946 0.0056378
1947 0.00563615
1948 0.0056345
1949 0.00563285
1950 0.0056312
1951 0.00562955
1952 0.0056279
1953 0.00562625
1954 0.00562461
1955 0.00562296
1956 0.00562131
1957 0.00561967
1958 0.00561802
1959 0.00561638
1960 0.00561473
1961 0.00561309
1962 0.00561145
1963 0.0056098
1964 0.00560816
1965 0.00560652
1966 0.00560488
1967 0.00560324
1968 0.0056016
1969 0.00559996
1970 0.00559832
1971 0.00559668
1972 0.00559504
1973 0.0055934
1974 0.00559176
1975 0.00559013
1976 0.00558849
1977 0.00558685
1978 0.00558522
1979 0.00558358
1980 0.00558195
1981 0.00558031
1982 0.00557868
1983 0.00557705
1984 0.00557541
1985 0.00557378
1986 0.00557215
1987 0.00557052
1988 0.00556889
1989 0.00556726
1990 0.00556563
1991 0.005564
1992 0.00556237
1993 0.00556074
1994 0.00555911
1995 0.00555749
1996 0.00555586
1997 0.00555423
1998 0.00555261
1999 0.00555098
