0 0.00998027
1 0.00995403
2 0.00997478
3 0.00995391
4 0.0099695
5 0.00995351
6 0.00996454
7 0.00995277
8 0.00995993
9 0.00995167
10 0.00995569
11 0.00995021
12 0.0099518
13 0.00994843
14 0.00994821
15 0.00994636
16 0.00994488
17 0.00994407
18 0.00994175
19 0.00994158
20 0.0099388
21 0.00993896
22 0.00993596
23 0.00993624
24 0.00993321
25 0.00993344
26 0.00993052
27 0.00993061
28 0.00992786
29 0.00992775
30 0.00992521
31 0.00992489
32 0.00992257
33 0.00992203
34 0.00991992
35 0.00991918
36 0.00991726
37 0.00991634
38 0.00991458
39 0.00991352
40 0.0099119
41 0.00991072
42 0.0099092
43 0.00990793
44 0.00990648
45 0.00990515
46 0.00990376
47 0.00990238
48 0.00990103
49 0.00989962
50 0.0098983
51 0.00989687
52 0.00989556
53 0.00989412
54 0.00989281
55 0.00989137
56 0.00989007
57 0.00988863
58 0.00988732
59 0.00988589
60 0.00988457
61 0.00988316
62 0.00988183
63 0.00988042
64 0.00987908
65 0.00987768
66 0.00987634
67 0.00987495
68 0.00987359
69 0.00987221
70 0.00987085
71 0.00986948
72 0.00986811
73 0.00986674
74 0.00986537
75 0.009864
76 0.00986264
77 0.00986127
78 0.0098599
79 0.00985853
80 0.00985717
81 0.0098558
82 0.00985443
83 0.00985307
84 0.0098517
85 0.00985033
86 0.00984897
87 0.0098476
88 0.00984623
89 0.00984487
90 0.0098435
91 0.00984214
92 0.00984077
93 0.00983941
94 0.00983804
95 0.00983668
96 0.00983532
97 0.00983395
98 0.00983259
99 0.00983122
100 0.00982986
101 0.0098285
102 0.00982713
103 0.00982577
104 0.00982441
105 0.00982305
106 0.00982168
107 0.00982032
108 0.00981896
109 0.0098176
110 0.00981624
111 0.00981487
112 0.00981351
113 0.00981215
114 0.00981079
115 0.00980943
116 0.00980807
117 0.00980671
118 0.00980535
119 0.00980399
120 0.00980263
121 0.00980127
122 0.00979991
123 0.00979855
124 0.00979719
125 0.00979583
126 0.00979448
127 0.00979312
128 0.00979176
129 0.0097904
130 0.00978904
131 0.00978768
132 0.00978633
133 0.00978497
134 0.00978361
135 0.00978226
136 0.0097809
137 0.00977954
138 0.00977819
139 0.00977683
140 0.00977547
141 0.00977412
142 0.00977276
143 0.00977141
144 0.00977005
145 0.0097687
146 0.00976734
147 0.00976599
148 0.00976463
149 0.00976328
150 0.00976192
151 0.00976057
152 0.00975922
153 0.00975786
154 0.00975651
155 0.00975516
156 0.0097538
157 0.00975245
158 0.0097511
159 0.00974975
160 0.00974839
161 0.00974704
162 0.00974569
163 0.00974434
164 0.00974299
165 0.00974164
166 0.00974028
167 0.00973893
168 0.00973758
169 0.00973623
170 0.00973488
171 0.00973353
172 0.00973218
173 0.00973083
174 0.00972948
175 0.00972813
176 0.00972678
177 0.00972544
178 0.00972409
179 0.00972274
180 0.00972139
181 0.00972004
182 0.00971869
183 0.00971734
184 0.009716
185 0.00971465
186 0.0097133
187 0.00971195
188 0.00971061
189 0.00970926
190 0.00970791
191 0.00970657
192 0.00970522
193 0.00970388
194 0.00970253
195 0.00970118
196 0.00969984
197 0.00969849
198 0.00969715
199 0.0096958
200 0.00969446
201 0.00969311
202 0.00969177
203 0.00969043
204 0.00968908
205 0.00968774
206 0.00968639
207 0.00968505
208 0.00968371
209 0.00968236
210 0.00968102
211 0.00967968
212 0.00967834
213 0.00967699
214 0.00967565
215 0.00967431
216 0.00967297
217 0.00967163
218 0.00967029
219 0.00966894
220 0.0096676
221 0.00966626
222 0.00966492
223 0.00966358
224 0.00966224
225 0.0096609
226 0.00965956
227 0.00965822
228 0.00965688
229 0.00965554
230 0.0096542
231 0.00965286
232 0.00965153
233 0.00965019
234 0.00964885
235 0.00964751
236 0.00964617
237 0.00964483
238 0.0096435
239 0.00964216
240 0.00964082
241 0.00963948
242 0.00963815
243 0.00963681
244 0.00963547
245 0.00963414
246 0.0096328
247 0.00963147
248 0.00963013
249 0.00962879
250 0.00962746
251 0.00962612
252 0.00962479
253 0.00962345
254 0.00962212
255 0.00962078
256 0.00961945
257 0.00961812
258 0.00961678
259 0.00961545
260 0.00961411
261 0.00961278
262 0.00961145
263 0.00961012
264 0.00960878
265 0.00960745
266 0.00960612
267 0.00960478
268 0.00960345
269 0.00960212
270 0.00960079
271 0.00959946
272 0.00959813
273 0.00959679
274 0.00959546
275 0.00959413
276 0.0095928
277 0.00959147
278 0.00959014
279 0.00958881
280 0.00958748
281 0.00958615
282 0.00958482
283 0.00958349
284 0.00958216
285 0.00958083
286 0.00957951
287 0.00957818
288 0.00957685
289 0.00957552
290 0.00957419
291 0.00957286
292 0.00957154
293 0.00957021
294 0.00956888
295 0.00956756
296 0.00956623
297 0.0095649
298 0.00956357
299 0.00956225
300 0.00956092
301 0.0095596
302 0.00955827
303 0.00955694
304 0.00955562
305 0.00955429
306 0.00955297
307 0.00955164
308 0.00955032
309 0.00954899
310 0.00954767
311 0.00954635
312 0.00954502
313 0.0095437
314 0.00954237
315 0.00954105
316 0.00953973
317 0.0095384
318 0.00953708
319 0.00953576
320 0.00953444
321 0.00953311
322 0.00953179
323 0.00953047
324 0.00952915
325 0.00952783
326 0.00952651
327 0.00952518
328 0.00952386
329 0.00952254
330 0.00952122
331 0.0095199
332 0.00951858
333 0.00951726
334 0.00951594
335 0.00951462
336 0.0095133
337 0.00951198
338 0.00951066
339 0.00950934
340 0.00950802
341 0.00950671
342 0.00950539
343 0.00950407
344 0.00950275
345 0.00950143
346 0.00950011
347 0.0094988
348 0.00949748
349 0.00949616
350 0.00949485
351 0.00949353
352 0.00949221
353 0.0094909
354 0.00948958
355 0.00948826
356 0.00948695
357 0.00948563
358 0.00948432
359 0.009483
360 0.00948168
361 0.00948037
362 0.00947906
363 0.00947774
364 0.00947643
365 0.00947511
366 0.0094738
367 0.00947248
368 0.00947117
369 0.00946986
370 0.00946854
371 0.00946723
372 0.00946592
373 0.0094646
374 0.00946329
375 0.00946198
376 0.00946067
377 0.00945935
378 0.00945804
379 0.00945673
380 0.00945542
381 0.00945411
382 0.0094528
383 0.00945149
384 0.00945017
385 0.00944886
386 0.00944755
387 0.00944624
388 0.00944493
389 0.00944362
390 0.00944231
391 0.009441
392 0.00943969
393 0.00943838
394 0.00943708
395 0.00943577
396 0.00943446
397 0.00943315
398 0.00943184
399 0.00943053
400 0.00942923
401 0.00942792
402 0.00942661
403 0.0094253
404 0.009424
405 0.00942269
406 0.00942138
407 0.00942007
408 0.00941877
409 0.00941746
410 0.00941616
411 0.00941485
412 0.00941354
413 0.00941224
414 0.00941093
415 0.00940963
416 0.00940832
417 0.00940702
418 0.00940571
419 0.00940441
420 0.0094031
421 0.0094018
422 0.0094005
423 0.00939919
424 0.00939789
425 0.00939659
426 0.00939528
427 0.00939398
428 0.00939268
429 0.00939137
430 0.00939007
431 0.00938877
432 0.00938747
433 0.00938616
434 0.00938486
435 0.00938356
436 0.00938226
437 0.00938096
438 0.00937966
439 0.00937836
440 0.00937706
441 0.00937576
442 0.00937445
443 0.00937315
444 0.00937185
445 0.00937055
446 0.00936926
447 0.00936796
448 0.00936666
449 0.00936536
450 0.00936406
451 0.00936276
452 0.00936146
453 0.00936016
454 0.00935886
455 0.00935757
456 0.00935627
457 0.00935497
458 0.00935367
459 0.00935238
460 0.00935108
461 0.00934978
462 0.00934849
463 0.00934719
464 0.00934589
465 0.0093446
466 0.0093433
467 0.009342
468 0.00934071
469 0.00933941
470 0.00933812
471 0.00933682
472 0.00933553
473 0.00933423
474 0.00933294
475 0.00933164
476 0.00933035
477 0.00932906
478 0.00932776
479 0.00932647
480 0.00932517
481 0.00932388
482 0.00932259
483 0.0093213
484 0.00932
485 0.00931871
486 0.00931742
487 0.00931613
488 0.00931483
489 0.00931354
490 0.00931225
491 0.00931096
492 0.00930967
493 0.00930838
494 0.00930708
495 0.00930579
496 0.0093045
497 0.00930321
498 0.00930192
499 0.00930063
500 0.00929934
501 0.00929805
502 0.00929676
503 0.00929547
504 0.00929418
505 0.0092929
506 0.00929161
507 0.00929032
508 0.00928903
509 0.00928774
510 0.00928645
511 0.00928516
512 0.00928388
513 0.00928259
514 0.0092813
515 0.00928001
516 0.00927873
517 0.00927744
518 0.00927615
519 0.00927487
520 0.00927358
521 0.00927229
522 0.00927101
523 0.00926972
524 0.00926844
525 0.00926715
526 0.00926587
527 0.00926458
528 0.0092633
529 0.00926201
530 0.00926073
531 0.00925944
532 0.00925816
533 0.00925687
534 0.00925559
535 0.00925431
536 0.00925302
537 0.00925174
538 0.00925046
539 0.00924917
540 0.00924789
541 0.00924661
542 0.00924533
543 0.00924404
544 0.00924276
545 0.00924148
546 0.0092402
547 0.00923892
548 0.00923764
549 0.00923635
550 0.00923507
551 0.00923379
552 0.00923251
553 0.00923123
554 0.00922995
555 0.00922867
556 0.00922739
557 0.00922611
558 0.00922483
559 0.00922355
560 0.00922227
561 0.00922099
562 0.00921971
563 0.00921844
564 0.00921716
565 0.00921588
566 0.0092146
567 0.00921332
568 0.00921205
569 0.00921077
570 0.00920949
571 0.00920821
572 0.00920694
573 0.00920566
574 0.00920438
575 0.00920311
576 0.00920183
577 0.00920055
578 0.00919928
579 0.009198
580 0.00919673
581 0.00919545
582 0.00919417
583 0.0091929
584 0.00919162
585 0.00919035
586 0.00918907
587 0.0091878
588 0.00918653
589 0.00918525
590 0.00918398
591 0.0091827
592 0.00918143
593 0.00918016
594 0.00917888
595 0.00917761
596 0.00917634
597 0.00917507
598 0.00917379
599 0.00917252
600 0.00917125
601 0.00916998
602 0.0091687
603 0.00916743
604 0.00916616
605 0.00916489
606 0.00916362
607 0.00916235
608 0.00916108
609 0.00915981
610 0.00915854
611 0.00915727
612 0.009156
613 0.00915473
614 0.00915346
615 0.00915219
616 0.00915092
617 0.00914965
618 0.00914838
619 0.00914711
620 0.00914584
621 0.00914457
622 0.00914331
623 0.00914204
624 0.00914077
625 0.0091395
626 0.00913823
627 0.00913697
628 0.0091357
629 0.00913443
630 0.00913317
631 0.0091319
632 0.00913063
633 0.00912937
634 0.0091281
635 0.00912683
636 0.00912557
637 0.0091243
638 0.00912304
639 0.00912177
640 0.00912051
641 0.00911924
642 0.00911798
643 0.00911671
644 0.00911545
645 0.00911418
646 0.00911292
647 0.00911166
648 0.00911039
649 0.00910913
650 0.00910786
651 0.0091066
652 0.00910534
653 0.00910408
654 0.00910281
655 0.00910155
656 0.00910029
657 0.00909903
658 0.00909776
659 0.0090965
660 0.00909524
661 0.00909398
662 0.00909272
663 0.00909146
664 0.0090902
665 0.00908893
666 0.00908767
667 0.00908641
668 0.00908515
669 0.00908389
670 0.00908263
671 0.00908137
672 0.00908011
673 0.00907886
674 0.0090776
675 0.00907634
676 0.00907508
677 0.00907382
678 0.00907256
679 0.0090713
680 0.00907004
681 0.00906879
682 0.00906753
683 0.00906627
684 0.00906501
685 0.00906376
686 0.0090625
687 0.00906124
688 0.00905999
689 0.00905873
690 0.00905747
691 0.00905622
692 0.00905496
693 0.0090537
694 0.00905245
695 0.00905119
696 0.00904994
697 0.00904868
698 0.00904743
699 0.00904617
700 0.00904492
701 0.00904366
702 0.00904241
703 0.00904116
704 0.0090399
705 0.00903865
706 0.00903739
707 0.00903614
708 0.00903489
709 0.00903363
710 0.00903238
711 0.00903113
712 0.00902988
713 0.00902862
714 0.00902737
715 0.00902612
716 0.00902487
717 0.00902362
718 0.00902237
719 0.00902111
720 0.00901986
721 0.00901861
722 0.00901736
723 0.00901611
724 0.00901486
725 0.00901361
726 0.00901236
727 0.00901111
728 0.00900986
729 0.00900861
730 0.00900736
731 0.00900611
732 0.00900486
733 0.00900361
734 0.00900236
735 0.00900112
736 0.00899987
737 0.00899862
738 0.00899737
739 0.00899612
740 0.00899488
741 0.00899363
742 0.00899238
743 0.00899113
744 0.00898989
745 0.00898864
746 0.00898739
747 0.00898615
748 0.0089849
749 0.00898365
750 0.00898241
751 0.00898116
752 0.00897992
753 0.00897867
754 0.00897743
755 0.00897618
756 0.00897494
757 0.00897369
758 0.00897245
759 0.0089712
760 0.00896996
761 0.00896871
762 0.00896747
763 0.00896623
764 0.00896498
765 0.00896374
766 0.0089625
767 0.00896125
768 0.00896001
769 0.00895877
770 0.00895752
771 0.00895628
772 0.00895504
773 0.0089538
774 0.00895256
775 0.00895131
776 0.00895007
777 0.00894883
778 0.00894759
779 0.00894635
780 0.00894511
781 0.00894387
782 0.00894263
783 0.00894139
784 0.00894015
785 0.00893891
786 0.00893767
787 0.00893643
788 0.00893519
789 0.00893395
790 0.00893271
791 0.00893147
792 0.00893023
793 0.00892899
794 0.00892776
795 0.00892652
796 0.00892528
797 0.00892404
798 0.0089228
799 0.00892157
800 0.00892033
801 0.00891909
802 0.00891786
803 0.00891662
804 0.00891538
805 0.00891415
806 0.00891291
807 0.00891167
808 0.00891044
809 0.0089092
810 0.00890797
811 0.00890673
812 0.00890549
813 0.00890426
814 0.00890302
815 0.00890179
816 0.00890056
817 0.00889932
818 0.00889809
819 0.00889685
820 0.00889562
821 0.00889438
822 0.00889315
823 0.00889192
824 0.00889068
825 0.00888945
826 0.00888822
827 0.00888699
828 0.00888575
829 0.00888452
830 0.00888329
831 0.00888206
832 0.00888082
833 0.00887959
834 0.00887836
835 0.00887713
836 0.0088759
837 0.00887467
838 0.00887344
839 0.00887221
840 0.00887098
841 0.00886975
842 0.00886852
843 0.00886729
844 0.00886606
845 0.00886483
846 0.0088636
847 0.00886237
848 0.00886114
849 0.00885991
850 0.00885868
851 0.00885745
852 0.00885622
853 0.00885499
854 0.00885377
855 0.00885254
856 0.00885131
857 0.00885008
858 0.00884886
859 0.00884763
860 0.0088464
861 0.00884517
862 0.00884395
863 0.00884272
864 0.00884149
865 0.00884027
866 0.00883904
867 0.00883782
868 0.00883659
869 0.00883536
870 0.00883414
871 0.00883291
872 0.00883169
873 0.00883046
874 0.00882924
875 0.00882801
876 0.00882679
877 0.00882557
878 0.00882434
879 0.00882312
880 0.00882189
881 0.00882067
882 0.00881945
883 0.00881822
884 0.008817
885 0.00881578
886 0.00881456
887 0.00881333
888 0.00881211
889 0.00881089
890 0.00880967
891 0.00880845
892 0.00880722
893 0.008806
894 0.00880478
895 0.00880356
896 0.00880234
897 0.00880112
898 0.0087999
899 0.00879868
900 0.00879746
901 0.00879624
902 0.00879502
903 0.0087938
904 0.00879258
905 0.00879136
906 0.00879014
907 0.00878892
908 0.0087877
909 0.00878648
910 0.00878526
911 0.00878404
912 0.00878283
913 0.00878161
914 0.00878039
915 0.00877917
916 0.00877795
917 0.00877674
918 0.00877552
919 0.0087743
920 0.00877309
921 0.00877187
922 0.00877065
923 0.00876944
924 0.00876822
925 0.008767
926 0.00876579
927 0.00876457
928 0.00876336
929 0.00876214
930 0.00876093
931 0.00875971
932 0.0087585
933 0.00875728
934 0.00875607
935 0.00875485
936 0.00875364
937 0.00875242
938 0.00875121
939 0.00875
940 0.00874878
941 0.00874757
942 0.00874636
943 0.00874514
944 0.00874393
945 0.00874272
946 0.0087415
947 0.00874029
948 0.00873908
949 0.00873787
950 0.00873666
951 0.00873544
952 0.00873423
953 0.00873302
954 0.00873181
955 0.0087306
956 0.00872939
957 0.00872818
958 0.00872697
959 0.00872576
960 0.00872455
961 0.00872334
962 0.00872213
963 0.00872092
964 0.00871971
965 0.0087185
966 0.00871729
967 0.00871608
968 0.00871487
969 0.00871366
970 0.00871245
971 0.00871125
972 0.00871004
973 0.00870883
974 0.00870762
975 0.00870641
976 0.00870521
977 0.008704
978 0.00870279
979 0.00870158
980 0.00870038
981 0.00869917
982 0.00869796
983 0.00869676
984 0.00869555
985 0.00869435
986 0.00869314
987 0.00869193
988 0.00869073
989 0.00868952
990 0.00868832
991 0.00868711
992 0.00868591
993 0.0086847
994 0.0086835
995 0.00868229
996 0.00868109
997 0.00867989
998 0.00867868
999 0.00867748
1000 0.00867628
1001 0.00867507
1002 0.00867387
1003 0.00867267
1004 0.00867146
1005 0.00867026
1006 0.00866906
1007 0.00866786
1008 0.00866665
1009 0.00866545
1010 0.00866425
1011 0.00866305
1012 0.00866185
1013 0.00866065
1014 0.00865944
1015 0.00865824
1016 0.00865704
1017 0.00865584
1018 0.00865464
1019 0.00865344
1020 0.00865224
1021 0.00865104
1022 0.00864984
1023 0.00864864
1024 0.00864744
1025 0.00864624
1026 0.00864504
1027 0.00864384
1028 0.00864265
1029 0.00864145
1030 0.00864025
1031 0.00863905
1032 0.00863785
1033 0.00863665
1034 0.00863546
1035 0.00863426
1036 0.00863306
1037 0.00863186
1038 0.00863067
1039 0.00862947
1040 0.00862827
1041 0.00862708
1042 0.00862588
1043 0.00862468
1044 0.00862349
1045 0.00862229
1046 0.00862109
1047 0.0086199
1048 0.0086187
1049 0.00861751
1050 0.00861631
1051 0.00861512
1052 0.00861392
1053 0.00861273
1054 0.00861153
1055 0.00861034
1056 0.00860914
1057 0.00860795
1058 0.00860676
1059 0.00860556
1060 0.00860437
1061 0.00860318
1062 0.00860198
1063 0.00860079
1064 0.0085996
1065 0.0085984
1066 0.00859721
1067 0.00859602
1068 0.00859483
1069 0.00859364
1070 0.00859244
1071 0.00859125
1072 0.00859006
1073 0.00858887
1074 0.00858768
1075 0.00858649
1076 0.0085853
1077 0.00858411
1078 0.00858291
1079 0.00858172
1080 0.00858053
1081 0.00857934
1082 0.00857815
1083 0.00857696
1084 0.00857577
1085 0.00857459
1086 0.0085734
1087 0.00857221
1088 0.00857102
1089 0.00856983
1090 0.00856864
1091 0.00856745
1092 0.00856626
1093 0.00856508
1094 0.00856389
1095 0.0085627
1096 0.00856151
1097 0.00856033
1098 0.00855914
1099 0.00855795
1100 0.00855676
1101 0.00855558
1102 0.00855439
1103 0.0085532
1104 0.00855202
1105 0.00855083
1106 0.00854965
1107 0.00854846
1108 0.00854727
1109 0.00854609
1110 0.0085449
1111 0.00854372
1112 0.00854253
1113 0.00854135
1114 0.00854016
1115 0.00853898
1116 0.0085378
1117 0.00853661
1118 0.00853543
1119 0.00853424
1120 0.00853306
1121 0.00853188
1122 0.00853069
1123 0.00852951
1124 0.00852833
1125 0.00852714
1126 0.00852596
1127 0.00852478
1128 0.0085236
1129 0.00852241
1130 0.00852123
1131 0.00852005
1132 0.00851887
1133 0.00851769
1134 0.00851651
1135 0.00851533
1136 0.00851414
1137 0.00851296
1138 0.00851178
1139 0.0085106
1140 0.00850942
1141 0.00850824
1142 0.00850706
1143 0.00850588
1144 0.0085047
1145 0.00850352
1146 0.00850234
1147 0.00850116
1148 0.00849998
1149 0.00849881
1150 0.00849763
1151 0.00849645
1152 0.00849527
1153 0.00849409
1154 0.00849291
1155 0.00849174
1156 0.00849056
1157 0.00848938
1158 0.0084882
1159 0.00848703
1160 0.00848585
1161 0.00848467
1162 0.0084835
1163 0.00848232
1164 0.00848114
1165 0.00847997
1166 0.00847879
1167 0.00847761
1168 0.00847644
1169 0.00847526
1170 0.00847409
1171 0.00847291
1172 0.00847174
1173 0.00847056
1174 0.00846939
1175 0.00846821
1176 0.00846704
1177 0.00846586
1178 0.00846469
1179 0.00846352
1180 0.00846234
1181 0.00846117
1182 0.00845999
1183 0.00845882
1184 0.00845765
1185 0.00845647
1186 0.0084553
1187 0.00845413
1188 0.00845296
1189 0.00845178
1190 0.00845061
1191 0.00844944
1192 0.00844827
1193 0.0084471
1194 0.00844592
1195 0.00844475
1196 0.00844358
1197 0.00844241
1198 0.00844124
1199 0.00844007
1200 0.0084389
1201 0.00843773
1202 0.00843656
1203 0.00843539
1204 0.00843422
1205 0.00843305
1206 0.00843188
1207 0.00843071
1208 0.00842954
1209 0.00842837
1210 0.0084272
1211 0.00842603
1212 0.00842486
1213 0.0084237
1214 0.00842253
1215 0.00842136
1216 0.00842019
1217 0.00841902
1218 0.00841786
1219 0.00841669
1220 0.00841552
1221 0.00841435
1222 0.00841319
1223 0.00841202
1224 0.00841085
1225 0.00840969
1226 0.00840852
1227 0.00840735
1228 0.00840619
1229 0.00840502
1230 0.00840386
1231 0.00840269
1232 0.00840153
1233 0.00840036
1234 0.0083992
1235 0.00839803
1236 0.00839687
1237 0.0083957
1238 0.00839454
1239 0.00839337
1240 0.00839221
1241 0.00839104
1242 0.00838988
1243 0.00838872
1244 0.00838755
1245 0.00838639
1246 0.00838523
1247 0.00838406
1248 0.0083829
1249 0.00838174
1250 0.00838058
1251 0.00837941
1252 0.00837825
1253 0.00837709
1254 0.00837593
1255 0.00837477
1256 0.0083736
1257 0.00837244
1258 0.00837128
1259 0.00837012
1260 0.00836896
1261 0.0083678
1262 0.00836664
1263 0.00836548
1264 0.00836432
1265 0.00836316
1266 0.008362
1267 0.00836084
1268 0.00835968
1269 0.00835852
1270 0.00835736
1271 0.0083562
1272 0.00835504
1273 0.00835388
1274 0.00835272
1275 0.00835157
1276 0.00835041
1277 0.00834925
1278 0.00834809
1279 0.00834693
1280 0.00834578
1281 0.00834462
1282 0.00834346
1283 0.0083423
1284 0.00834115
1285 0.00833999
1286 0.00833883
1287 0.00833768
1288 0.00833652
1289 0.00833536
1290 0.00833421
1291 0.00833305
1292 0.0083319
1293 0.00833074
1294 0.00832959
1295 0.00832843
1296 0.00832728
1297 0.00832612
1298 0.00832497
1299 0.00832381
1300 0.00832266
1301 0.0083215
1302 0.00832035
1303 0.00831919
1304 0.00831804
1305 0.00831689
1306 0.00831573
1307 0.00831458
1308 0.00831343
1309 0.00831227
1310 0.00831112
1311 0.00830997
1312 0.00830882
1313 0.00830766
1314 0.00830651
1315 0.00830536
1316 0.00830421
1317 0.00830306
1318 0.0083019
1319 0.00830075
1320 0.0082996
1321 0.00829845
1322 0.0082973
1323 0.00829615
1324 0.008295
1325 0.00829385
1326 0.0082927
1327 0.00829155
1328 0.0082904
1329 0.00828925
1330 0.0082881
1331 0.00828695
1332 0.0082858
1333 0.00828465
1334 0.0082835
1335 0.00828235
1336 0.0082812
1337 0.00828005
1338 0.00827891
1339 0.00827776
1340 0.00827661
1341 0.00827546
1342 0.00827431
1343 0.00827317
1344 0.00827202
1345 0.00827087
1346 0.00826972
1347 0.00826858
1348 0.00826743
1349 0.00826628
1350 0.00826514
1351 0.00826399
1352 0.00826285
1353 0.0082617
1354 0.00826055
1355 0.00825941
1356 0.00825826
1357 0.00825712
1358 0.00825597
1359 0.00825483
1360 0.00825368
1361 0.00825254
1362 0.00825139
1363 0.00825025
1364 0.0082491
1365 0.00824796
1366 0.00824682
1367 0.00824567
1368 0.00824453
1369 0.00824339
1370 0.00824224
1371 0.0082411
1372 0.00823996
1373 0.00823881
1374 0.00823767
1375 0.00823653
1376 0.00823539
1377 0.00823424
1378 0.0082331
1379 0.00823196
1380 0.00823082
1381 0.00822968
1382 0.00822853
1383 0.00822739
1384 0.00822625
1385 0.00822511
1386 0.00822397
1387 0.00822283
1388 0.00822169
1389 0.00822055
1390 0.00821941
1391 0.00821827
1392 0.00821713
1393 0.00821599
1394 0.00821485
1395 0.00821371
1396 0.00821257
1397 0.00821143
1398 0.00821029
1399 0.00820916
1400 0.00820802
1401 0.00820688
1402 0.00820574
1403 0.0082046
1404 0.00820346
1405 0.00820233
1406 0.00820119
1407 0.00820005
1408 0.00819891
1409 0.00819778
1410 0.00819664
1411 0.0081955
1412 0.00819437
1413 0.00819323
1414 0.00819209
1415 0.00819096
1416 0.00818982
1417 0.00818869
1418 0.00818755
1419 0.00818641
1420 0.00818528
1421 0.00818414
1422 0.00818301
1423 0.00818187
1424 0.00818074
1425 0.0081796
1426 0.00817847
1427 0.00817734
1428 0.0081762
1429 0.00817507
1430 0.00817393
1431 0.0081728
1432 0.00817167
1433 0.00817053
1434 0.0081694
1435 0.00816827
1436 0.00816713
1437 0.008166
1438 0.00816487
1439 0.00816374
1440 0.0081626
1441 0.00816147
1442 0.00816034
1443 0.00815921
1444 0.00815808
1445 0.00815694
1446 0.00815581
1447 0.00815468
1448 0.00815355
1449 0.00815242
1450 0.00815129
1451 0.00815016
1452 0.00814903
1453 0.0081479
1454 0.00814677
1455 0.00814564
1456 0.00814451
1457 0.00814338
1458 0.00814225
1459 0.00814112
1460 0.00813999
1461 0.00813886
1462 0.00813773
1463 0.00813661
1464 0.00813548
1465 0.00813435
1466 0.00813322
1467 0.00813209
1468 0.00813096
1469 0.00812984
1470 0.00812871
1471 0.00812758
1472 0.00812645
1473 0.00812533
1474 0.0081242
1475 0.00812307
1476 0.00812195
1477 0.00812082
1478 0.00811969
1479 0.00811857
1480 0.00811744
1481 0.00811632
1482 0.00811519
1483 0.00811406
1484 0.00811294
1485 0.00811181
1486 0.00811069
1487 0.00810956
1488 0.00810844
1489 0.00810732
1490 0.00810619
1491 0.00810507
1492 0.00810394
1493 0.00810282
1494 0.00810169
1495 0.00810057
1496 0.00809945
1497 0.00809832
1498 0.0080972
1499 0.00809608
1500 0.00809496
1501 0.00809383
1502 0.00809271
1503 0.00809159
1504 0.00809047
1505 0.00808934
1506 0.00808822
1507 0.0080871
1508 0.00808598
1509 0.00808486
1510 0.00808373
1511 0.00808261
1512 0.00808149
1513 0.00808037
1514 0.00807925
1515 0.00807813
1516 0.00807701
1517 0.00807589
1518 0.00807477
1519 0.00807365
1520 0.00807253
1521 0.00807141
1522 0.00807029
1523 0.00806917
1524 0.00806805
1525 0.00806693
1526 0.00806582
1527 0.0080647
1528 0.00806358
1529 0.00806246
1530 0.00806134
1531 0.00806022
1532 0.00805911
1533 0.00805799
1534 0.00805687
1535 0.00805575
1536 0.00805464
1537 0.00805352
1538 0.0080524
1539 0.00805128
1540 0.00805017
1541 0.00804905
1542 0.00804793
1543 0.00804682
1544 0.0080457
1545 0.00804459
1546 0.00804347
1547 0.00804236
1548 0.00804124
1549 0.00804012
1550 0.00803901
1551 0.00803789
1552 0.00803678
1553 0.00803567
1554 0.00803455
1555 0.00803344
1556 0.00803232
1557 0.00803121
1558 0.00803009
1559 0.00802898
1560 0.00802787
1561 0.00802675
1562 0.00802564
1563 0.00802453
1564 0.00802341
1565 0.0080223
1566 0.00802119
1567 0.00802008
1568 0.00801896
1569 0.00801785
1570 0.00801674
1571 0.00801563
1572 0.00801452
1573 0.0080134
1574 0.00801229
1575 0.00801118
1576 0.00801007
1577 0.00800896
1578 0.00800785
1579 0.00800674
1580 0.00800563
1581 0.00800452
1582 0.00800341
1583 0.0080023
1584 0.00800119
1585 0.00800008
1586 0.00799897
1587 0.00799786
1588 0.00799675
1589 0.00799564
1590 0.00799453
1591 0.00799342
1592 0.00799231
1593 0.00799121
1594 0.0079901
1595 0.00798899
1596 0.00798788
1597 0.00798677
1598 0.00798567
1599 0.00798456
1600 0.00798345
1601 0.00798234
1602 0.00798124
1603 0.00798013
1604 0.00797902
1605 0.00797792
1606 0.00797681
1607 0.0079757
1608 0.0079746
1609 0.00797349
1610 0.00797239
1611 0.00797128
1612 0.00797017
1613 0.00796907
1614 0.00796796
1615 0.00796686
1616 0.00796575
1617 0.00796465
1618 0.00796354
1619 0.00796244
1620 0.00796134
1621 0.00796023
1622 0.00795913
1623 0.00795802
1624 0.00795692
1625 0.00795582
1626 0.00795471
1627 0.00795361
1628 0.00795251
1629 0.0079514
1630 0.0079503
1631 0.0079492
1632 0.0079481
1633 0.00794699
1634 0.00794589
1635 0.00794479
1636 0.00794369
1637 0.00794258
1638 0.00794148
1639 0.00794038
1640 0.00793928
1641 0.00793818
1642 0.00793708
1643 0.00793598
1644 0.00793488
1645 0.00793378
1646 0.00793268
1647 0.00793158
1648 0.00793048
1649 0.00792938
1650 0.00792828
1651 0.00792718
1652 0.00792608
1653 0.00792498
1654 0.00792388
1655 0.00792278
1656 0.00792168
1657 0.00792058
1658 0.00791948
1659 0.00791839
1660 0.00791729
1661 0.00791619
1662 0.00791509
1663 0.00791399
1664 0.0079129
1665 0.0079118
1666 0.0079107
1667 0.0079096
1668 0.00790851
1669 0.00790741
1670 0.00790631
1671 0.00790522
1672 0.00790412
1673 0.00790302
1674 0.00790193
1675 0.00790083
1676 0.00789974
1677 0.00789864
1678 0.00789755
1679 0.00789645
1680 0.00789535
1681 0.00789426
1682 0.00789316
1683 0.00789207
1684 0.00789098
1685 0.00788988
1686 0.00788879
1687 0.00788769
1688 0.0078866
1689 0.0078855
1690 0.00788441
1691 0.00788332
1692 0.00788222
1693 0.00788113
1694 0.00788004
1695 0.00787895
1696 0.00787785
1697 0.00787676
1698 0.00787567
1699 0.00787457
1700 0.00787348
1701 0.00787239
1702 0.0078713
1703 0.00787021
1704 0.00786912
1705 0.00786802
1706 0.00786693
1707 0.00786584
1708 0.00786475
1709 0.00786366
1710 0.00786257
1711 0.00786148
1712 0.00786039
1713 0.0078593
1714 0.00785821
1715 0.00785712
1716 0.00785603
1717 0.00785494
1718 0.00785385
1719 0.00785276
1720 0.00785167
1721 0.00785058
1722 0.00784949
1723 0.00784841
1724 0.00784732
1725 0.00784623
1726 0.00784514
1727 0.00784405
1728 0.00784296
1729 0.00784188
1730 0.00784079
1731 0.0078397
1732 0.00783861
1733 0.00783753
1734 0.00783644
1735 0.00783535
1736 0.00783427
1737 0.00783318
1738 0.00783209
1739 0.00783101
1740 0.00782992
1741 0.00782883
1742 0.00782775
1743 0.00782666
1744 0.00782558
1745 0.00782449
1746 0.00782341
1747 0.00782232
1748 0.00782124
1749 0.00782015
1750 0.00781907
1751 0.00781798
1752 0.0078169
1753 0.00781582
1754 0.00781473
1755 0.00781365
1756 0.00781256
1757 0.00781148
1758 0.0078104
1759 0.00780931
1760 0.00780823
1761 0.00780715
1762 0.00780606
1763 0.00780498
1764 0.0078039
1765 0.00780282
1766 0.00780173
1767 0.00780065
1768 0.00779957
1769 0.00779849
1770 0.00779741
1771 0.00779633
1772 0.00779524
1773 0.00779416
1774 0.00779308
1775 0.007792
1776 0.00779092
1777 0.00778984
1778 0.00778876
1779 0.00778768
1780 0.0077866
1781 0.00778552
1782 0.00778444
1783 0.00778336
1784 0.00778228
1785 0.0077812
1786 0.00778012
1787 0.00777904
1788 0.00777796
1789 0.00777689
1790 0.00777581
1791 0.00777473
1792 0.00777365
1793 0.00777257
1794 0.00777149
1795 0.00777042
1796 0.00776934
1797 0.00776826
1798 0.00776718
1799 0.00776611
1800 0.00776503
1801 0.00776395
1802 0.00776288
1803 0.0077618
1804 0.00776072
1805 0.00775965
1806 0.00775857
1807 0.00775749
1808 0.00775642
1809 0.00775534
1810 0.00775427
1811 0.00775319
1812 0.00775212
1813 0.00775104
1814 0.00774997
1815 0.00774889
1816 0.00774782
1817 0.00774674
1818 0.00774567
1819 0.00774459
1820 0.00774352
1821 0.00774244
1822 0.00774137
1823 0.0077403
1824 0.00773922
1825 0.00773815
1826 0.00773708
1827 0.007736
1828 0.00773493
1829 0.00773386
1830 0.00773279
1831 0.00773171
1832 0.00773064
1833 0.00772957
1834 0.0077285
1835 0.00772742
1836 0.00772635
1837 0.00772528
1838 0.00772421
1839 0.00772314
1840 0.00772207
1841 0.007721
1842 0.00771993
1843 0.00771885
1844 0.00771778
1845 0.00771671
1846 0.00771564
1847 0.00771457
1848 0.0077135
1849 0.00771243
1850 0.00771136
1851 0.00771029
1852 0.00770923
1853 0.00770816
1854 0.00770709
1855 0.00770602
1856 0.00770495
1857 0.00770388
1858 0.00770281
1859 0.00770174
1860 0.00770068
1861 0.00769961
1862 0.00769854
1863 0.00769747
1864 0.0076964
1865 0.00769534
1866 0.00769427
1867 0.0076932
1868 0.00769214
1869 0.00769107
1870 0.00769
1871 0.00768894
1872 0.00768787
1873 0.0076868
1874 0.00768574
1875 0.00768467
1876 0.0076836
1877 0.00768254
1878 0.00768147
1879 0.00768041
1880 0.00767934
1881 0.00767828
1882 0.00767721
1883 0.00767615
1884 0.00767508
1885 0.00767402
1886 0.00767296
1887 0.00767189
1888 0.00767083
1889 0.00766976
1890 0.0076687
1891 0.00766764
1892 0.00766657
1893 0.00766551
1894 0.00766445
1895 0.00766338
1896 0.00766232
1897 0.00766126
1898 0.00766019
1899 0.00765913
1900 0.00765807
1901 0.00765701
1902 0.00765595
1903 0.00765488
1904 0.00765382
1905 0.00765276
1906 0.0076517
1907 0.00765064
1908 0.00764958
1909 0.00764852
1910 0.00764746
1911 0.00764639
1912 0.00764533
1913 0.00764427
1914 0.00764321
1915 0.00764215
1916 0.00764109
1917 0.00764003
1918 0.00763897
1919 0.00763791
1920 0.00763686
1921 0.0076358
1922 0.00763474
1923 0.00763368
1924 0.00763262
1925 0.00763156
1926 0.0076305
1927 0.00762944
1928 0.00762839
1929 0.00762733
1930 0.00762627
1931 0.00762521
1932 0.00762415
1933 0.0076231
1934 0.00762204
1935 0.00762098
1936 0.00761993
1937 0.00761887
1938 0.00761781
1939 0.00761676
1940 0.0076157
1941 0.00761464
1942 0.00761359
1943 0.00761253
1944 0.00761148
1945 0.00761042
1946 0.00760936
1947 0.00760831
1948 0.00760725
1949 0.0076062
1950 0.00760514
1951 0.00760409
1952 0.00760303
1953 0.00760198
1954 0.00760093
1955 0.00759987
1956 0.00759882
1957 0.00759776
1958 0.00759671
1959 0.00759566
1960 0.0075946
1961 0.00759355
1962 0.0075925
1963 0.00759144
1964 0.00759039
1965 0.00758934
1966 0.00758828
1967 0.00758723
1968 0.00758618
1969 0.00758513
1970 0.00758408
1971 0.00758302
1972 0.00758197
1973 0.00758092
1974 0.00757987
1975 0.00757882
1976 0.00757777
1977 0.00757672
1978 0.00757567
1979 0.00757461
1980 0.00757356
1981 0.00757251
1982 0.00757146
1983 0.00757041
1984 0.00756936
1985 0.00756831
1986 0.00756726
1987 0.00756621
1988 0.00756516
1989 0.00756412
1990 0.00756307
1991 0.00756202
1992 0.00756097
1993 0.00755992
1994 0.00755887
1995 0.00755782
1996 0.00755678
1997 0.00755573
1998 0.00755468
1999 0.00755363
